[-0.16512468729712362, 0.7524499640387582, 0.010299074861282443, 0.6375318351470549, 0.16512561833193956, -0.2874228067157241, 0.2784709651813596]
[-0.164239322635967, 0.7523034245392001, 0.010403941196173558, 0.6377784776593366, 0.16510655655756787, -0.28772388425612266, 0.2783356326121249]
[-0.1659790523198972, 0.7502002720002379, 0.010113473600810125, 0.6392842471572807, 0.16336853527303252, -0.28700999552694445, 0.2777768946664748]
[-0.17086202561919112, 0.747413980534967, 0.010103582116805732, 0.6425392026454773, 0.15981889493158696, -0.2863851971403274, 0.27693927951852143]
[-0.17828595192942967, 0.7460698781522888, 0.011703310984063076, 0.6472657758880113, 0.15521989434055453, -0.28782758611509474, 0.2758903565239284]
[-0.1879065130350404, 0.747308336177024, 0.015634011184247364, 0.6526615123318761, 0.15026500178059637, -0.2918420827507739, 0.27437374286285465]
[-0.19858260258617885, 0.7547608070041996, 0.02227493717377969, 0.6548887317453191, 0.1473849015096374, -0.2993611075259804, 0.271435775921357]
[-0.20647302693863925, 0.7666402009855101, 0.030858394494828426, 0.656031807765099, 0.14570579100089304, -0.310010836231461, 0.2677509708583448]
[-0.21011399458518765, 0.7719531359981556, 0.0401848019623809, 0.6664684797798909, 0.13844807093019587, -0.3198684373776978, 0.2650532038204249]
[-0.21939434475203845, 0.7726815736149558, 0.04801458295041701, 0.6772950977648792, 0.12968024228135883, -0.3266799996994627, 0.2596198279678268]
[-0.2274572405353636, 0.7720634050812392, 0.05571896842064288, 0.6881501473965889, 0.12005420723738058, -0.33420908049118747, 0.24987715560996668]
[-0.2238804991154574, 0.7650251251298806, 0.06475541975757157, 0.7088020174119793, 0.10436259026147301, -0.3428355557792723, 0.2400678178343912]
[-0.2188496916048402, 0.7528958548847587, 0.07144985112801308, 0.7305679625404323, 0.08649002647469096, -0.34754034014463564, 0.2298201655827124]
[-0.21261321787575152, 0.7359036958133187, 0.07776295688528204, 0.7537126063427356, 0.06701793884412238, -0.35039211234605566, 0.21730510014827242]
[-0.20799359258693773, 0.7158430296506918, 0.08817654163437616, 0.7780774964142128, 0.04834577638928397, -0.35377134801671195, 0.20427530943849426]
[-0.22116331991987961, 0.7035310891315153, 0.10218157599656233, 0.7925970879165198, 0.03983828183671466, -0.3556469009161309, 0.19498622183364792]
[-0.2405044201451818, 0.6988735374673392, 0.12423563012371912, 0.8014037735964856, 0.04054698459750279, -0.3634301233016283, 0.18590946312899034]
[-0.23589316714334965, 0.6838656653308516, 0.1439234912145951, 0.8188830886775476, 0.034724581854601366, -0.3762442760096972, 0.1675906686541735]
[-0.22581022235426845, 0.6534023138736116, 0.1419771040810266, 0.8398470198754915, 0.018842034990594815, -0.3752727555257474, 0.14565138709649253]
[-0.22766539091231522, 0.6197143048801484, 0.12463225154585537, 0.8561120606090691, 0.00054789761043148, -0.36123753429206307, 0.13458064814117754]
[-0.23249025945793594, 0.5913170232399367, 0.10422084071686746, 0.8660024992951496, -0.013481776730319809, -0.34764411424917613, 0.13084802722438119]
[-0.22807627350609846, 0.554406172456414, 0.09946381516314581, 0.884313286571346, -0.02980282703747716, -0.3421857413243451, 0.12111933398374909]
[-0.2109369069343784, 0.5127188071088766, 0.09945242311460833, 0.9042525146738774, -0.051900913178407455, -0.33538564703863044, 0.11150698876058215]
[-0.1927526601715528, 0.485005023612315, 0.08981373889283013, 0.9110340462026212, -0.07011448150890044, -0.3236145356122108, 0.11411869642296979]
[-0.17671018403689634, 0.4639229350788892, 0.09632168638510387, 0.91785648730141, -0.08392210686987493, -0.31787171786485313, 0.12267952245340528]
[-0.15798921478989295, 0.4363422909126165, 0.10060336348625147, 0.9254482876630548, -0.09949330625623204, -0.3058332998522268, 0.12975528189858546]
[-0.13967065229715084, 0.401451894064725, 0.07467862786025974, 0.9252513222054443, -0.11423787568212876, -0.2787493616791334, 0.13524017940212457]
[-0.13289901789513478, 0.36359003579822247, 0.043336802186705006, 0.9247126369203147, -0.12438703189509286, -0.25071613030381995, 0.1381823481469138]
[-0.1362733393511442, 0.3359239813015522, 0.026012118237333282, 0.9261392250887762, -0.12907510843569536, -0.2330297552050787, 0.13929016504542577]
[-0.1403982662497803, 0.3213092826454853, 0.01637302833364424, 0.9262516780436789, -0.1310872031338028, -0.22278234387834192, 0.1403246223558325]
[-0.1447328442248167, 0.3150987464160912, 0.01175973068918801, 0.9256115871115277, -0.13144631527116538, -0.21744463277765094, 0.141248601125714]
[-0.1489494100096774, 0.31411595544525994, 0.010339259899084165, 0.9245854351546553, -0.13083837203420884, -0.2152672662048446, 0.14204815615941624]
[-0.15286309189097738, 0.31621926938240325, 0.010863463231447571, 0.9234059091220976, -0.1297148505885078, -0.21505350219325114, 0.14272340123091526]
[-0.1563826975142921, 0.3199897896473236, 0.012495140008487194, 0.9222150630425909, -0.12836565986238185, -0.21599576672491042, 0.1432824436772111]
[-0.15947682261868515, 0.324509049096666, 0.014683655148617126, 0.9210944948591597, -0.12697061522480213, -0.21755857971716763, 0.14373743087484225]
[-0.16215073323836662, 0.32920144492187453, 0.01707636177920262, 0.9200862724949935, -0.12563556073513307, -0.21939506874857775, 0.14410204465729276]
[-0.16443082505497342, 0.33372322852838, 0.019455861518860407, 0.9192073032231947, -0.12441752669486134, -0.22128773762985518, 0.14438997624798355]
[-0.16635437196273875, 0.33788484528328105, 0.021695842545218925, 0.918459082769235, -0.12334209306284467, -0.22310669121862275, 0.14461405490827461]
[-0.16796293360789272, 0.3415970587885459, 0.023730222734876683, 0.9178342106774898, -0.12241524242646033, -0.2247803758407921, 0.14478580368547092]
[-0.16929826639894935, 0.3448339526608085, 0.025531778830325758, 0.9173206604369286, -0.12163134151819305, -0.22627525437803853, 0.14491526666192736]
[-0.1703999239746365, 0.34760783903735953, 0.027097503868519956, 0.9169045056114977, -0.12097842280266258, -0.22758182819955308, 0.14501100215355578]
[-0.17130397780492104, 0.3499525099550286, 0.028438708224875892, 0.9165715966156248, -0.12044159966563742, -0.22870514194381358, 0.14508017133704978]
[-0.17204246315302224, 0.3519122873672701, 0.029574441474960723, 0.9163085347318956, -0.12000520512392208, -0.22965843347919346, 0.14512867610928196]
[-0.17264327951436315, 0.35353506433327253, 0.030527219504198497, 0.916103184337393, -0.11965406900648688, -0.23045897309436708, 0.145161316709911]
[-0.17313036206049687, 0.35486806055672476, 0.031320335584081295, 0.9159448893013228, -0.11937422338907318, -0.2311254120252316, 0.14518195100668052]
[-0.17352400186617398, 0.35595539623520706, 0.031976246102323407, 0.9158245065558541, -0.1191532369256655, -0.2316761594265207, 0.14519364495565754]
[-0.17384123526382686, 0.3568368602912746, 0.03251567374350412, 0.9157343326883074, -0.11898031556728335, -0.23212844983648795, 0.14519880875001592]
[-0.17409625195773876, 0.3575474425859986, 0.03295717961041776, 0.9156679735367944, -0.11884626268316162, -0.23249786543841353, 0.1451993163735426]
[-0.1743007914353286, 0.35811733660600664, 0.033317033071980466, 0.9156201889278511, -0.11874336049653199, -0.23279815023473655, 0.1451966082527327]
[-0.1744645105318269, 0.35857221532669187, 0.03360926278499474, 0.9155867325217573, -0.11866521317650856, -0.23304120482006657, 0.14519177785682297]
[-0.1745953137364972, 0.3589336500684545, 0.033845810740886696, 0.9155641985414023, -0.11860657711732848, -0.23323718673874205, 0.14518564370878526]
[-0.17469964339612135, 0.35921958855950825, 0.03403673796252653, 0.9155498817475624, -0.11856319389274317, -0.23339466677662307, 0.14517880853562473]
