[0.1558030676803251, 0.24815229573194172, -0.264035207798102, 0.9189294181953994, -0.14141965212030808, -0.3185491871730032, 0.054703857345008905]
[0.16372144794653606, 0.2561554021902151, -0.26329355551777306, 0.915563337729624, -0.14031381122086695, -0.3201320080991559, 0.05600544234469737]
[0.16190305297464727, 0.26256178805664554, -0.2630966768608755, 0.9141273827418973, -0.13951078246386373, -0.3201839375008969, 0.058784831155524256]
[0.16708993837454714, 0.27284808768100755, -0.2654530982581958, 0.9094886203711802, -0.139126801638785, -0.3186250538527023, 0.061957823850379484]
[0.16856635899167693, 0.2890756100667569, -0.2627879394493923, 0.9049658543602805, -0.1364214413884092, -0.3210283159268116, 0.06748715026517227]
[0.17708689436441216, 0.3197067206291551, -0.27237918776748343, 0.8900772142387956, -0.13007970075883024, -0.3221075944559571, 0.07593379893014487]
[0.17185652739005985, 0.31902282289490835, -0.2896445838072384, 0.885887020134032, -0.12361168268446132, -0.323834174135761, 0.07040237289997087]
[0.12838313724117179, 0.3061490394180119, -0.30083509638865463, 0.8940295328253971, -0.11776911903576964, -0.32302035367180637, 0.0689944711350095]
[0.11522699147482444, 0.3268919222537015, -0.2999965731755824, 0.8887443348609955, -0.10907294367950135, -0.3282188453183173, 0.07636154352353394]
[0.11775492731385255, 0.36160205587795197, -0.29197131106894786, 0.8775707998682474, -0.09861994358853488, -0.337437290133828, 0.08637256932636198]
[0.10865751566371722, 0.3900996477326338, -0.28921455286291065, 0.8673930922842391, -0.0881435168955168, -0.34270651225910165, 0.096717443641011]
[0.09972686382098993, 0.41395685157182294, -0.28667176935263494, 0.8582037050350971, -0.07911184985860728, -0.3465018494095332, 0.10622252806700927]
[0.08270059822381837, 0.4368922683926529, -0.28150779839169987, 0.8503170827890324, -0.06809619919855531, -0.3511947943768269, 0.11624117271138006]
[0.06407402858213965, 0.4557695018606868, -0.27831078350889427, 0.8430372546748706, -0.057340301809850974, -0.35446070830473114, 0.12508894361577944]
[0.04639491770442452, 0.47448198225067345, -0.28155052103251704, 0.8327326637697513, -0.04678084922226569, -0.35420390159965104, 0.13386425932427035]
[0.027587053015602384, 0.4936222610992611, -0.2824928508722036, 0.8220546406512701, -0.0356397174915018, -0.35425434375498094, 0.14340524597290188]
[0.005065334473983093, 0.5066988815345835, -0.2832479487929318, 0.8142488627966126, -0.025688260172420083, -0.3532190094414288, 0.15200690791190358]
[-0.018447387579212795, 0.5224020367075648, -0.2847061930741797, 0.803553492236224, -0.014425987667189472, -0.35114390340912227, 0.16162180248682065]
[-0.046612318082051594, 0.5353098848364948, -0.28461368894656924, 0.7938927461914458, -0.002777813199987489, -0.34862064308696517, 0.17227531263474383]
[-0.06861940209231533, 0.5441177593995774, -0.2899095630611361, 0.7843339291285244, 0.00566717162173791, -0.34352114077500406, 0.18208716879318607]
[-0.09161353607458618, 0.5505782707857318, -0.2976324344843909, 0.7745227482211041, 0.012001108482926529, -0.33516621630670773, 0.1917195248228477]
[-0.11954885538810535, 0.5539404398605977, -0.30478482870885054, 0.7654830465257317, 0.018217356310083352, -0.32531882822337876, 0.2033126169038078]
[-0.1484507102529135, 0.5629569781836754, -0.31260735878701973, 0.7505454636297311, 0.02799651323781885, -0.3155164731622966, 0.20904011268561667]
[-0.1760094159092454, 0.5601433108601784, -0.31986567399585397, 0.7436034790614785, 0.03214409236104382, -0.30598394658489914, 0.2103171857833458]
[-0.16938614483361325, 0.5401091979532632, -0.33021508889105233, 0.7553465496667838, 0.019077005356961774, -0.29927629374661874, 0.21474406940449037]
[-0.18952464199651045, 0.5445817755436873, -0.3375059063584583, 0.7440436076767193, 0.024653518224548587, -0.2876880146110241, 0.23034676617060698]
[-0.2226539761620816, 0.5550891361411165, -0.3471477281609278, 0.722350150804017, 0.038470203629918855, -0.2742826851321086, 0.24205964025136759]
[-0.23975409313670723, 0.5499992717092764, -0.34525647438062174, 0.7216763613223135, 0.03760225705013856, -0.26454572561502493, 0.2530482491362651]
[-0.2624921824038855, 0.5541017965968795, -0.3588339494226443, 0.703780703256263, 0.04433849837901271, -0.2474504418234191, 0.26189245818086543]
[-0.2850107024119367, 0.5530626031009318, -0.36739884786012406, 0.6913094618243641, 0.04944297325119662, -0.23697121728754833, 0.2625404598224781]
[-0.3020639818661846, 0.5509780497875971, -0.3753497006229047, 0.6813906156392285, 0.05240593377910055, -0.22900113573946088, 0.2601644818262755]
[-0.3145914665584872, 0.5492812383133968, -0.3848043343717301, 0.6717499419705617, 0.05519288820034759, -0.22183635432056728, 0.25787320401412794]
[-0.3252792206530717, 0.539143807800791, -0.39215200421996194, 0.6706222624558207, 0.05219339901215376, -0.21364022882063052, 0.2578838295795532]
[-0.32444467771589774, 0.5322525799735899, -0.3975388102226571, 0.6733541170309555, 0.047649600911686546, -0.20360405482783572, 0.2669114370947057]
[-0.3450376330403268, 0.5343986373382658, -0.4095351392369555, 0.6539481089898184, 0.056629698183355455, -0.18676252335352317, 0.2749596530272516]
[-0.3703727104646938, 0.528662511492333, -0.41684500308439, 0.6399845933572124, 0.06189535542444241, -0.17191465863958988, 0.2785560756028146]
[-0.37969368860309805, 0.5276120784496399, -0.4195490394553844, 0.6335904302993003, 0.0650933859739147, -0.16496927472296224, 0.28194970904838207]
[-0.38732258374370476, 0.5256421434347353, -0.4224936484960941, 0.6286339974985587, 0.06664254323581967, -0.15826080343494187, 0.2840843169757617]
[-0.39764471157455683, 0.5260713281879839, -0.42778960043017633, 0.6181615743918772, 0.07045206475019247, -0.15014405641690967, 0.2847502722029332]
[-0.3995717609525023, 0.5265574025139594, -0.4303225536234443, 0.6147375399919761, 0.07173696295270499, -0.14654468605560492, 0.2859222956366126]
[-0.40247701914423983, 0.5252208220717963, -0.4311282667111444, 0.6134197489320691, 0.0720517464481795, -0.14495864232437733, 0.2858895206865997]
[-0.4034220559412502, 0.5260029643975307, -0.43069466794582606, 0.6124325782123827, 0.07307240252687852, -0.14474959416842517, 0.28651143017516645]
[-0.40435666329150516, 0.5273491470711292, -0.42928781541786276, 0.611645788878204, 0.07472330065739634, -0.14586563352506807, 0.28716204214672914]
[-0.40433797927716736, 0.527856353824958, -0.43008150706265474, 0.6106622627802105, 0.07555439787283957, -0.14585612084102728, 0.2872744872197045]
[-0.40670261077004144, 0.5269333184706553, -0.4308366334309488, 0.6093554736933013, 0.07564194759671079, -0.14444855759386985, 0.28694357069181076]
[-0.40769199490565866, 0.5272574603580201, -0.43084415030603856, 0.6084078892625788, 0.07604548032713916, -0.1437196981806533, 0.28714891398744546]
