[-0.4105225270781615, 0.528659815445265, -0.42610621458234027, 0.6086243354628753, 0.07920408405635436, -0.1492548665115089, 0.28691944996898844]
[-0.4124633451848503, 0.5271880236755426, -0.4256285603852744, 0.6089229332595673, 0.07826769947637703, -0.1486628227896748, 0.28622927977665036]
[-0.41109402506640913, 0.5278994755751987, -0.4243363025654452, 0.610133249340123, 0.07751628420678347, -0.15092160832772805, 0.284798152666349]
[-0.40515789776183364, 0.5293006372881776, -0.42152236292354583, 0.6148226117173594, 0.07607988621976952, -0.15588144221290212, 0.28398178187506196]
[-0.3959314117162974, 0.5305225673825079, -0.4188865133540213, 0.6215450461260483, 0.07289407801911595, -0.16215699264306654, 0.281820131239252]
[-0.38550879006421873, 0.5345795746681558, -0.4147309545615064, 0.6273802027412135, 0.07107392280674724, -0.16978180792355393, 0.2798476522035297]
[-0.3707789338540338, 0.5377214940878807, -0.41162306823814915, 0.6355667224121573, 0.06882058784383034, -0.17501550403537253, 0.2825884590490673]
[-0.356266610836576, 0.5469081986276209, -0.4060675879237356, 0.6395894541688968, 0.06993510501653066, -0.18102314724921736, 0.28644676569961947]
[-0.3483109340825097, 0.5658137014462471, -0.39702608526209077, 0.6331703304975588, 0.0781038314785576, -0.19330895668972314, 0.2834661500610284]
[-0.31646714497894296, 0.5705474608856645, -0.38525654866226433, 0.6526113415193389, 0.06984149357420807, -0.21457909363851912, 0.275030596514624]
[-0.28286880374711015, 0.5703415208830891, -0.3775542137885283, 0.672419983840054, 0.05812022395311007, -0.23161338627655753, 0.2643209016360494]
[-0.2589721535503854, 0.5700703720416396, -0.37265836862172175, 0.6848933961305714, 0.04974737090606144, -0.243181767939173, 0.25347282792752357]
[-0.24728242769722064, 0.5647022609217371, -0.3698916630980725, 0.6950848465506189, 0.043258031450256654, -0.25008271655295167, 0.2442983409570305]
[-0.23876134816755756, 0.5597898204399627, -0.36492408452925756, 0.7045983370821018, 0.03822119246278183, -0.2566134071443436, 0.23669009113166195]
[-0.22639567931269577, 0.556797859699487, -0.3589034297506316, 0.7140794746523125, 0.03363260130035595, -0.2645067642900188, 0.22880443514918974]
[-0.2063597908414441, 0.5564970579729585, -0.35016346250596764, 0.7246462850735728, 0.028495122703036016, -0.274647829202583, 0.22071124750093246]
[-0.19231918798092087, 0.5528661653000743, -0.3436669866900678, 0.7343332778024769, 0.023240245079815036, -0.2819082640108909, 0.2114127906082623]
[-0.18157862999463278, 0.5471566894300199, -0.3360868716525939, 0.7447780878394447, 0.01952586461588926, -0.29018918102183894, 0.20211227392784364]
[-0.16913498364988067, 0.5421667005219181, -0.3316256744353949, 0.7533080811106918, 0.01535507236700523, -0.29613189103815146, 0.19430658196732276]
[-0.15172938071359968, 0.526607044506995, -0.32651469576856834, 0.7700983026184518, 0.0049574229910299555, -0.30236017429902445, 0.18319969386292265]
[-0.13146196764288562, 0.5143016792025986, -0.3278125230323318, 0.7815052847133415, -0.005382507726047245, -0.3043114266354656, 0.17238985907148038]
[-0.12369870626958374, 0.5020758515434455, -0.3288940604388551, 0.7902197117066946, -0.013353019161357324, -0.30344783110855145, 0.16527306597771788]
[-0.12024391378435284, 0.4764483622279214, -0.32452365199680583, 0.8082219897715985, -0.026725697172213306, -0.30327402811833265, 0.15747159167577637]
[-0.10383369223000818, 0.4435403202518493, -0.32432455098424684, 0.829038093359456, -0.04590831069925716, -0.3012897215657016, 0.1457753079007861]
[-0.09374926586620608, 0.4216583208050698, -0.32161728221641256, 0.8426017358178071, -0.05805642161796701, -0.30069720864454624, 0.13926312305291003]
[-0.08193336090016246, 0.4045058931246312, -0.31769386090166246, 0.8536583292867764, -0.06843185234489732, -0.30080065509869336, 0.13578922331799134]
[-0.06633487758129883, 0.3870253015378722, -0.31207972486124497, 0.8651111898156868, -0.07900955649419153, -0.3018675755228487, 0.1316740168961602]
[-0.05348794115888823, 0.36878213628223594, -0.3034956464897799, 0.8769430961392851, -0.0888737078060372, -0.30369059377629093, 0.12790336126087484]
[-0.030226728730034836, 0.346809918055402, -0.2936911487813193, 0.8902554463101537, -0.10073883785827575, -0.30626781348041365, 0.12044281833550782]
[-0.005672123691046261, 0.31958970497168, -0.2795279861042949, 0.9053697460806808, -0.11366251635984148, -0.3091180686792934, 0.10930471432399652]
[0.018054965516217977, 0.29570860647780656, -0.26842439428164516, 0.9166126811577708, -0.12450597957198656, -0.30992886324735497, 0.09860737907609915]
[0.034625541089156164, 0.27500120872149275, -0.2542251567373716, 0.9265770345641194, -0.13248937901381483, -0.31174023131547773, 0.09063858494814217]
[0.05866380790419944, 0.2559122971505292, -0.24351955645266454, 0.9336839419551861, -0.13993956638485916, -0.31215926226534096, 0.08231587949790764]
[0.080864165909469, 0.227706936089146, -0.2601350233308402, 0.9348477586257151, -0.14977492617235236, -0.2984730982533532, 0.07502865517557937]
[0.06024352450514884, 0.18528660752551038, -0.27528360274600355, 0.941413062003054, -0.15730394972125736, -0.2838897988251539, 0.06878098187170403]
[0.04778559789481241, 0.15262967328891539, -0.2730573919330808, 0.9486097219302335, -0.1609108167669344, -0.2817672390883538, 0.0608074665996726]
[0.02531005860971516, 0.1358560008817307, -0.27007563399721385, 0.9528702556938847, -0.1627491299211268, -0.2780691865952505, 0.06285561533304156]
[0.011047216016973276, 0.13728503964592823, -0.27495918738576036, 0.9515399342952372, -0.16406467441934997, -0.2701070656244229, 0.06894708338198932]
[0.029063804068351247, 0.14556049783117886, -0.2720692722379984, 0.9507606282396035, -0.16411169032964754, -0.2709940456436263, 0.0703933852806822]
[0.03302201592849234, 0.1470314564158898, -0.2717457720302534, 0.9504975313019096, -0.16466923943168024, -0.26985827565399884, 0.07036475405154305]
