[-0.44825351656299856, 0.5697471264925154, -0.4912143400925195, 0.4828721417281753, 0.13361765647370866, -0.09619802442810493, 0.27943951500556263]
[-0.4475219292685756, 0.5698158996197961, -0.49110797116306426, 0.4835772538103876, 0.13234887034726053, -0.09616959367787536, 0.278742544486326]
[-0.444263678543284, 0.5733463655789149, -0.487370947460825, 0.4861823984730283, 0.1314012245523721, -0.09875642481950953, 0.27922317211113934]
[-0.4347725968909492, 0.5809108042046224, -0.4773758601447669, 0.4956084642189716, 0.1295793055006441, -0.11094851479284848, 0.27937871545482973]
[-0.4162518179866465, 0.5928023235825821, -0.46549787734554354, 0.5085583513381525, 0.12755819287669606, -0.12610317226006112, 0.28147511982466844]
[-0.4004651557794065, 0.6097467084840882, -0.45500360000172063, 0.5106940129326432, 0.13020916488827536, -0.14067035875915365, 0.2804613600953669]
[-0.3820369343717499, 0.6153246990342186, -0.4450758715759993, 0.5266220681347314, 0.12533599086027028, -0.15038479977036306, 0.2848375959769258]
[-0.35555008586673964, 0.6247555362242737, -0.4353421094287314, 0.5419796501460638, 0.12180045896495209, -0.16077593139995341, 0.2923941114080744]
[-0.32420621319564535, 0.6411105213103944, -0.4235957466970776, 0.5517556614408965, 0.12161597653364327, -0.17544477034505845, 0.2985444864810061]
[-0.31889567717655887, 0.6711761294513493, -0.4115481674871318, 0.5276895795413115, 0.13760794031357007, -0.19183830811048677, 0.28977055757351267]
[-0.3110354512687662, 0.6905852621325796, -0.388249915207709, 0.5249866492838505, 0.14406602416115216, -0.21634135219453576, 0.27595142506971826]
[-0.2761575992363856, 0.685135113237187, -0.36681666986995276, 0.5654842346755337, 0.12355118714564599, -0.2430065006367276, 0.2605996298774251]
[-0.24068956978802936, 0.6648157003643023, -0.35532013891185676, 0.6114214949826011, 0.0948519478309852, -0.2595949832590836, 0.2423192177574264]
[-0.205283890502459, 0.6364573238960847, -0.346709610013787, 0.6577028768644784, 0.06337051625261492, -0.27011335543322385, 0.22213728519252818]
[-0.16804289702332464, 0.6060988037529035, -0.34521046861893856, 0.6965885336631898, 0.03770184987677602, -0.28017434884913517, 0.19971284201222764]
[-0.14152739103509776, 0.5710412880525747, -0.3400841055577513, 0.7336379716235958, 0.013562229009446147, -0.28616795167264614, 0.1776492515227975]
[-0.08767182858338719, 0.526947162469518, -0.3405000987624419, 0.7737570988612235, -0.016952760931743444, -0.2930787479963783, 0.15097368173528886]
[-0.04456444351796916, 0.48083439149631974, -0.33204879774755086, 0.8102813835459636, -0.04571572430973184, -0.29745154426398474, 0.1281083785996618]
[-0.0008125686515023765, 0.4397960703775096, -0.3227140830632372, 0.8381135976949884, -0.07124394892165933, -0.30001053901752855, 0.11023607474810015]
[0.041114129924676585, 0.41244313229230345, -0.3086253259485842, 0.8561254140326262, -0.09006429390609055, -0.3050729931141829, 0.10264780018683269]
[0.06957353080667186, 0.3878495391093567, -0.29443967845521474, 0.8706535244563168, -0.10165481779550234, -0.3134521493161503, 0.10083105932334052]
[0.10296732334626328, 0.35443381230273663, -0.25682727937216726, 0.8932044424150382, -0.11319272459661364, -0.33118596232339714, 0.09017227014222938]
[0.1310624855310944, 0.31803775119456673, -0.2267149593534935, 0.9111942519571558, -0.1270540752911455, -0.335912920092495, 0.08608861122104351]
[0.16034359684530392, 0.28029547571987107, -0.24315475396152778, 0.9146584974501197, -0.1434932451918234, -0.3147904475155031, 0.08230771667173972]
