[-0.43321955431663983, 0.5504706110609178, -0.5088184157081844, 0.5004066243715475, 0.11219729603478937, -0.07616074711287829, 0.2781425139115484]
[-0.4314103762537518, 0.5549682898116793, -0.5054244110321834, 0.5004413000014882, 0.1128808981375905, -0.07841763999936038, 0.27868485266676635]
[-0.42600619027048786, 0.5629886981828607, -0.4989708278142261, 0.5025839325303104, 0.11463414671445182, -0.08597475261615872, 0.28023085495728]
[-0.4161980869591891, 0.5687468609726775, -0.4937614214186443, 0.5094171796299718, 0.11360488153229902, -0.09410854603722804, 0.2818602728592087]
[-0.40193470245840857, 0.5769955811977178, -0.48794807509060134, 0.5171376149392328, 0.11134720489422271, -0.10566184890167143, 0.2813677154601538]
[-0.385614531516938, 0.5879036807933186, -0.482011512370214, 0.5228151095370149, 0.110201157830814, -0.11756948359609562, 0.28058416002701925]
[-0.37353458558190306, 0.5940551102501772, -0.4751751907822142, 0.5308286144833326, 0.10649953919289593, -0.12889324375679498, 0.27729777172471565]
[-0.3654390504553339, 0.5994117112867814, -0.4689676005366745, 0.5359378043668954, 0.10348526744999825, -0.1395875979636067, 0.2711243980200915]
[-0.32515969441187254, 0.6155942103375708, -0.45145858180720416, 0.5581219646844578, 0.09733433573993534, -0.16285770739766714, 0.2739272144770598]
[-0.2993841412896982, 0.6223112513329736, -0.4398398030878868, 0.5741418167431006, 0.09137059617018735, -0.17446509217389766, 0.2778415850941019]
[-0.29061973699183197, 0.6339823528509065, -0.43495314155284726, 0.5695808502911813, 0.09546399619553742, -0.18201835480440576, 0.2763936364136592]
[-0.2861931639404911, 0.6486820862839482, -0.4133285062657692, 0.5713708113217698, 0.10006083933653748, -0.20179510802933193, 0.26811545997787745]
[-0.25882705636624204, 0.6572801842319134, -0.39734246301437937, 0.5857561901062686, 0.09601448475933516, -0.22583379932674355, 0.2558576696671577]
[-0.23408117521830027, 0.6549046836448598, -0.38600442672440294, 0.6060581431882829, 0.0853082597575873, -0.2409926566150824, 0.2447234812563952]
[-0.20375758454061235, 0.6469187578935621, -0.38397605873570007, 0.6265312320198968, 0.06908619527084539, -0.24841395039601455, 0.23292173283637413]
[-0.17851401182783663, 0.6373210463657929, -0.38043387612696217, 0.6459293518956379, 0.05475826042231294, -0.25478023371415637, 0.22212195472623042]
[-0.1589438163972346, 0.6244403118994777, -0.38109305237382046, 0.6630077491780233, 0.04155896766638412, -0.257499972790024, 0.21281091326933246]
[-0.14002536135652055, 0.6041077867389004, -0.38554479231532707, 0.6832290413628939, 0.02446722365835574, -0.2557345622091912, 0.20640381917935383]
[-0.11547699089717814, 0.5800048142414906, -0.38852243159591393, 0.7066185884046281, 0.004953206294842014, -0.2550473216010899, 0.1998713452641156]
[-0.09540485949374042, 0.5580214174134984, -0.38877635228434476, 0.7268858145085709, -0.011535365020198293, -0.2548685437024176, 0.1947804878491462]
[-0.08216619607191658, 0.5373031706793303, -0.388445318203116, 0.744086206295345, -0.025290283670880556, -0.25371426750086673, 0.19123842412018524]
[-0.07036668450294797, 0.525432096199617, -0.38651067264969335, 0.7547046908059933, -0.033689776333725344, -0.25459495011277183, 0.18950597061481472]
[-0.05693895806954206, 0.5137369087408826, -0.3866354034172228, 0.7637705393254721, -0.04175807346033723, -0.2549207742874481, 0.18660363859776194]
[-0.05163843629567335, 0.5110473833229952, -0.38791310968131215, 0.7653022223369, -0.044062463387802495, -0.2544129364444039, 0.18519146036113857]
[-0.04867054784046484, 0.5117302172782416, -0.38684689777490333, 0.7655800862248611, -0.044255046778739815, -0.2555913010306895, 0.1850254216526948]
