[0.14708664180315012, 0.09655845980198682, -0.2570608403004122, 0.9502429858590766, -0.17562403371560995, -0.2671972965063774, 0.006090792382988581]
[0.1460462700566681, 0.09270489341063554, -0.25676446683593684, 0.9508671423765528, -0.17551889946046872, -0.2677706961005304, 0.004157410556764931]
[0.14087770534303243, 0.09762742049918818, -0.25904440296882747, 0.950535838548735, -0.17495959923594287, -0.2686267757649994, 0.003965436972164758]
[0.1386284651288688, 0.10341746940325339, -0.27063210468595994, 0.9470191465482481, -0.17449774723013217, -0.26586356945004863, 0.005399350561749521]
[0.14107754970762545, 0.10859649020424507, -0.28109724969260963, 0.9430208311581709, -0.17312947341579407, -0.26546393889262154, 0.005433025335669563]
[0.1388222471933269, 0.12741297326379852, -0.30322301384830885, 0.9341039271258517, -0.17018403589893474, -0.2620851150594759, 0.010448094458391684]
[0.11897412259822951, 0.15687132928452588, -0.32302775218541313, 0.9256833371939035, -0.16471056216103824, -0.2605124115721901, 0.021716501363285318]
[0.08950832111562293, 0.20423619306755492, -0.3138162303172408, 0.9229275359328903, -0.15576981208992094, -0.2711971852140994, 0.03776154066883164]
[0.06814852885964122, 0.2551571957697451, -0.27694629308302526, 0.9238784328744685, -0.1434518041153867, -0.2933230380352904, 0.051005754386822894]
[0.0472162172134422, 0.2900516722559106, -0.25964201573393386, 0.9199058126850087, -0.13205508120025242, -0.30490046890814754, 0.06160242820229303]
[0.0513775227206336, 0.3277410773912982, -0.2640758402681261, 0.9056545209676609, -0.12271117952475616, -0.30714561773920845, 0.07318927088713066]
[0.037682656476171035, 0.3569466665642415, -0.25937287120536817, 0.8966018250567974, -0.11114498971204448, -0.3134350519878047, 0.0821456806007248]
[0.021534968800557497, 0.3932651644707567, -0.2542251423075673, 0.8833166798577902, -0.09606732511669408, -0.31951072872569874, 0.09233357963325092]
[0.00664361219462571, 0.43395376948417363, -0.2498331470864569, 0.8655769239985542, -0.07902116782025462, -0.32419150138698316, 0.10400165314809492]
[-0.010608493865074693, 0.46531872293621623, -0.24930331596255234, 0.8492430906589609, -0.06363898012572483, -0.3263680853996725, 0.11410524013328999]
[-0.02572209792041842, 0.48553668806365596, -0.2518183565410125, 0.8367676129424857, -0.05243972127045686, -0.3259025038883213, 0.12047345743054197]
[-0.035581253992744914, 0.5105766595291705, -0.2509230466404599, 0.8216344067597787, -0.03988737550164752, -0.32734563159601404, 0.12785410950447237]
[-0.04652860347951263, 0.5387743273817295, -0.2515561259025588, 0.8026685825690718, -0.025055724847073413, -0.3282873586239242, 0.13600619500027158]
[-0.054841209026483866, 0.5674044695615345, -0.2554873771881793, 0.7808782457721283, -0.01010017230683588, -0.32791685721886416, 0.14399635469247113]
[-0.05988926190910304, 0.6006178059161722, -0.25102988038726987, 0.7567400819654772, 0.00628888810555403, -0.33028759772516314, 0.15186648379197323]
[-0.07358665502523141, 0.6188719742637974, -0.25148852923355175, 0.7404971495098269, 0.01657321305424063, -0.32763951429619725, 0.16146211493203252]
[-0.08334303262429406, 0.6303407434866157, -0.2578917992651449, 0.7274725638903183, 0.023066020710602902, -0.32419466204031194, 0.17672132936680754]
[-0.10625627745506154, 0.6421052105239393, -0.272025258869178, 0.7088108255878032, 0.03263933574151067, -0.3134354012253283, 0.19400348967983097]
[-0.134372789905166, 0.6470066779449423, -0.2908316070598105, 0.6919127942436067, 0.04047387900265438, -0.2977679944707554, 0.21187524915912342]
[-0.1594366274487649, 0.6515361636497409, -0.3110517717605065, 0.6732959318688494, 0.04812458352632244, -0.2798147454753903, 0.22908533179980617]
[-0.18649029652931665, 0.6513539789230828, -0.33311010105863775, 0.6557416048417148, 0.05532260175597738, -0.25947359230230926, 0.24497779846853018]
[-0.20613318521053875, 0.6489332785276736, -0.35310864707016754, 0.6416455584297789, 0.06120954819828084, -0.24195128695883927, 0.25809283156411783]
[-0.22545117283243993, 0.6477881745025582, -0.3689097352871455, 0.6272542444147202, 0.06707422342093204, -0.22270734883906917, 0.2707242034159333]
[-0.24511709196482706, 0.6512071838405377, -0.37269225039028064, 0.6139603669872564, 0.07542409378563503, -0.20956719524617473, 0.2806642097548948]
[-0.27278205609732087, 0.6394613275885486, -0.3928065015514885, 0.6019819306333474, 0.0796301924093441, -0.18830394037833037, 0.2864143608374929]
[-0.2940621381192041, 0.6307153857463138, -0.4039178724135608, 0.5937810592837278, 0.08423482589216814, -0.17161109646571823, 0.29404098423320163]
[-0.3118121963027636, 0.6247929704169674, -0.4122778885118836, 0.5851784981241539, 0.08862602303926682, -0.1587477478512455, 0.2978845305955212]
[-0.3250969029364296, 0.620553785566622, -0.4149319383685792, 0.5805656926091755, 0.0917464728695098, -0.14823117219952162, 0.3026093146084463]
[-0.34199219423683214, 0.6078879568546885, -0.42099841201041543, 0.5798913195038143, 0.09081955794245425, -0.135481322442558, 0.3047998427612212]
[-0.34959640993450375, 0.6018391349826832, -0.42638324113386017, 0.5777277665129428, 0.09125443248861687, -0.12707974446388057, 0.3065841225601452]
[-0.3492635164172228, 0.598890720799839, -0.4294045591262011, 0.5787544039808655, 0.08967156071911789, -0.12509096935959052, 0.3061578585158239]
[-0.34815685754159265, 0.598041761535123, -0.43107457599092625, 0.5790575091563237, 0.08924945157073369, -0.12484147664910566, 0.30603147164500866]
[-0.3477429183147396, 0.5960139384060341, -0.4330711603270903, 0.5799065900030148, 0.08795977007911296, -0.12445928964814477, 0.3050856895845908]
[-0.3458860204372398, 0.597172239644099, -0.4345165527724787, 0.5787431015695174, 0.0889421280192659, -0.12493927549622463, 0.3054082809063625]
[-0.34533640890660605, 0.5994731528517325, -0.434104647061265, 0.5769990418787178, 0.09068481939289373, -0.1255655409701416, 0.3061324172700175]
[-0.3464658883447928, 0.6009535694428677, -0.4340194821098611, 0.5748419957369095, 0.09226666870325663, -0.12546306615863162, 0.3063917115546134]
[-0.3460119850884774, 0.6002467487172711, -0.43637044365585576, 0.5740735303369323, 0.09213420206590231, -0.12434241721376738, 0.3060950590199947]
