[-0.4086633610454433, 0.5730837236000061, -0.5403705267383333, 0.46105209126268104, 0.14991345737334938, -0.08808954054026705, 0.28568336520719995]
[-0.4126647114406536, 0.5766983457357744, -0.53514991125129, 0.45906585634926284, 0.15232951191630115, -0.08968116554174302, 0.28622496943456266]
[-0.4172237668054356, 0.5910635493528851, -0.5306551546007121, 0.4415578667014658, 0.1628838690848033, -0.09115998789485369, 0.28553475944115314]
[-0.4229629041741103, 0.613982447927221, -0.5158732740843841, 0.4219037018005335, 0.18081233919951156, -0.09823466915690288, 0.2888131653824344]
[-0.42435860131899733, 0.64257715618017, -0.4976436397929888, 0.3992057313322141, 0.20128504618893325, -0.10864395767048124, 0.291681029277303]
[-0.4119436553489829, 0.6748389511261875, -0.48220707725525863, 0.37732105744272054, 0.2206531737716248, -0.12401628329120765, 0.2937171954964795]
[-0.3997421808230398, 0.6991798517893046, -0.4653802923979935, 0.36711706174594766, 0.23053595962506096, -0.13966915986880735, 0.29358541408399313]
[-0.3809668169612812, 0.7223279491740301, -0.447715409013425, 0.36422185479062796, 0.23600012657912878, -0.15851646288199361, 0.2932460745397413]
[-0.36076660841904395, 0.7395941202016952, -0.43281190941001874, 0.36813295225961845, 0.23640613680729355, -0.17747460236161047, 0.2914727655921077]
[-0.34630062665598377, 0.7509892466431384, -0.41870169668174656, 0.3752065349700159, 0.23479583234926987, -0.19379898855356686, 0.28843891837468283]
[-0.34168107105184553, 0.7575674312039413, -0.4031776488186223, 0.3831363248688658, 0.23317611610614414, -0.2058089087910469, 0.28491893106890537]
[-0.32876576349568, 0.7696409112151943, -0.38406433773404297, 0.3899494218786385, 0.2335633329033503, -0.22184191322696667, 0.2823688899381993]
[-0.32151249393609, 0.7789096076077394, -0.3658361983111565, 0.3950866256381867, 0.23446054281339657, -0.23553953617108758, 0.2780731975831465]
[-0.31072368243836446, 0.7857508471248646, -0.34943969353434934, 0.4048929809414474, 0.23253849488828532, -0.24877263801731325, 0.27471612374843085]
[-0.298154933704288, 0.7846898993390984, -0.34243510572332614, 0.42202324758198745, 0.22476821639818712, -0.25585226514655535, 0.27582605672991906]
[-0.2852738884343572, 0.781947543683132, -0.33728606796733895, 0.43978970128377853, 0.21729723805751858, -0.26027666266537325, 0.28113063725796916]
[-0.2682337771248037, 0.7855845037364768, -0.3214603356185545, 0.4555995018057342, 0.21282397209101236, -0.2704233763247287, 0.2857586870495299]
[-0.25011347412004103, 0.7949073514943568, -0.30275561393308076, 0.46249823303809906, 0.21263801383002118, -0.2840317671930569, 0.2860035599941049]
[-0.2598376554969506, 0.8171846547032928, -0.2837891967579767, 0.4291355840309513, 0.2291428084574914, -0.2927850461954086, 0.2685266498015992]
[-0.2673397770101844, 0.821697689546707, -0.2766338394920802, 0.42049505865266634, 0.22994962819965292, -0.2973520874319693, 0.25082263811024497]
[-0.22033834723643472, 0.81394217191874, -0.27809711109293417, 0.4600121459917259, 0.20218322063199978, -0.31366922110397316, 0.24097823562068071]
[-0.1917440985321999, 0.7987654153719767, -0.2881191049553013, 0.4921335357806955, 0.1758668180941825, -0.3166126875374966, 0.23015482023741696]
[-0.16149093245958315, 0.7741275962989537, -0.30118631853680616, 0.5328545529470861, 0.14436176536189466, -0.3152916731074283, 0.22243890574849196]
[-0.14470759775680514, 0.751671837505697, -0.315745499420366, 0.5606727825423379, 0.12110446247518628, -0.3089783656809292, 0.21635314128535774]
[-0.12775135447286148, 0.731342180155187, -0.3348381700351706, 0.5802599734910785, 0.10171500672921674, -0.30115312051453086, 0.21229044464744035]
[-0.11155997371629632, 0.7104152404973539, -0.358669087344149, 0.5951647459221787, 0.08479697082485944, -0.29186322786485813, 0.2103398815078186]
[-0.09184652590887478, 0.6812510244796598, -0.38666511414442, 0.6147775030269976, 0.06396164936814411, -0.2804890726076781, 0.2087678616456262]
[-0.08449675621697, 0.6625878071576721, -0.40881185551344457, 0.6218605912987382, 0.05311264033160585, -0.2695152874555026, 0.20910120476146138]
[-0.08577357215474679, 0.6420360401271039, -0.4283873620300552, 0.6300134272010354, 0.04292731970094954, -0.2564188005893221, 0.21085878441499264]
[-0.08716969110613018, 0.6273885755012072, -0.4405533010832442, 0.6361586614032353, 0.03525000599146203, -0.24657188137374067, 0.21206189949189114]
[-0.09560333117522286, 0.6158675881116481, -0.4475492975662126, 0.6413008472534293, 0.030345258945338377, -0.2381920655111546, 0.21234271573318944]
[-0.09224859213580901, 0.5972617236870527, -0.45269114776000563, 0.6556213759740523, 0.0192436113518146, -0.23306506453684944, 0.2094309458802036]
[-0.07869465161089233, 0.5804516436258385, -0.45751061083358696, 0.6690045704008811, 0.008902238013666672, -0.23255640893536603, 0.20683526792262186]
[-0.060922389000487034, 0.5664820546703031, -0.4599660603390994, 0.6810417023607318, -0.0010805320775280763, -0.23332885623121696, 0.20546176565740767]
[-0.038249550078392716, 0.5493717437178155, -0.46274821882781947, 0.6946882592779586, -0.012707616081827966, -0.23501400117887686, 0.2011717062800158]
[-0.029650700535459006, 0.541998216495915, -0.46079840024422836, 0.7021564183254689, -0.01806770380348216, -0.2366785010894337, 0.1986470394241157]
[-0.018525518427317596, 0.5336859823578207, -0.47088120590382815, 0.7022157787643404, -0.024489327048680523, -0.2295269552463991, 0.18825238915553155]
[0.008474648690739594, 0.5145012195671779, -0.4698310537853324, 0.7172694671086202, -0.037717541432399984, -0.23212170816695593, 0.17507700257224834]
[0.01696120897895618, 0.5099934944605594, -0.4679089242781864, 0.7215817511132362, -0.041665403244940655, -0.23307883240630684, 0.17269437792775238]
[0.03300693071632631, 0.5030008401325964, -0.46986722360393146, 0.7246554501919202, -0.04734700492118324, -0.23236594835619906, 0.17015374242457537]
