[-0.04749351970744377, 0.49450030954851665, -0.3999813276046377, 0.7702134610468508, -0.04962653277501253, -0.25050844985672654, 0.17650981167576799]
[-0.049599232584416154, 0.4944188421927481, -0.39878194097784564, 0.7707547707830773, -0.04952287340107167, -0.25059172350579, 0.17697260519237348]
[-0.05191832612144904, 0.49579228863320207, -0.39562912147558105, 0.771344359287244, -0.048670881646746794, -0.2521574249368253, 0.17723372554231717]
[-0.055319802669889735, 0.5029564037475295, -0.3923168704153995, 0.7681549823559762, -0.04427969316154004, -0.2554851914416213, 0.1787903074513111]
[-0.05931773805400723, 0.5159745497539613, -0.38802546346661937, 0.7613724042831124, -0.03815068737352645, -0.257973350889956, 0.18176037098117637]
[-0.05471729962510496, 0.5332027554383862, -0.3931239203846371, 0.7470973501934319, -0.030569266673107207, -0.25773415882803347, 0.18668664016998446]
[-0.06606160105096529, 0.5501007350356422, -0.3821883269061073, 0.7395655193864079, -0.0180266976357904, -0.26759348161824653, 0.19571602640988098]
[-0.07862680008184687, 0.5718155015208188, -0.3721517329256985, 0.7268754876921855, -0.0028801862181705995, -0.2757338897640064, 0.20366477454735224]
[-0.08086171763878183, 0.596945238985739, -0.3642988719835769, 0.7102141399354336, 0.012929462481408707, -0.28495378055427134, 0.2100012133539034]
[-0.09062120843990061, 0.6134139138731927, -0.3574590348533117, 0.69837972024105, 0.02661453809244429, -0.2915882691882028, 0.21547231702708447]
[-0.0928586932833247, 0.6320377452267751, -0.3493351203676093, 0.6854710451301544, 0.04071990533410173, -0.30059169108954403, 0.22136378369650334]
[-0.09753081699680126, 0.6523362893475159, -0.34074214930973823, 0.6699551636791035, 0.05650318691636297, -0.30868988006567233, 0.227711931817605]
[-0.09523859679604024, 0.6719560648878943, -0.34461807397592836, 0.6485700181802431, 0.07263087646985188, -0.31374058817735284, 0.23510879985098646]
[-0.11056471963678459, 0.6768290758836143, -0.3574879468164075, 0.6339402514008273, 0.08275780583454963, -0.3064656828328276, 0.24354697935215266]
[-0.13884942761227378, 0.6782393190440247, -0.37431399339190613, 0.6169289486548523, 0.09381022598199047, -0.2917821404435788, 0.2541603900768142]
[-0.15506318572137714, 0.6814770342989797, -0.3900602675131528, 0.599497689645007, 0.10385155864031774, -0.2799458305001802, 0.2643727091762101]
[-0.15329533972910947, 0.6873398810751448, -0.4020050174111257, 0.5851977663962492, 0.11132527688697332, -0.27662332823019653, 0.26922442822913606]
[-0.21355371153599498, 0.6638883632023581, -0.4171832128711084, 0.5827565996392443, 0.11073218933328252, -0.24714266207195365, 0.2702814044292149]
[-0.23547244749710858, 0.6453280949342888, -0.4359944836846966, 0.5813890450535001, 0.10709286816128835, -0.2233715830294476, 0.28064963411620986]
[-0.26437709181480257, 0.6433538738395428, -0.45530784321560136, 0.5557835476565601, 0.12045464004641454, -0.1999258528034047, 0.2908469377497981]
[-0.2936231655022027, 0.6353852472535599, -0.4715825368038124, 0.5363589983659927, 0.12981381302151362, -0.1773225909945646, 0.29665900470067735]
[-0.3192443254265966, 0.6261779866840234, -0.4858699451158787, 0.5195330868068372, 0.13662849663337942, -0.1577968116809379, 0.2983155120273563]
[-0.3393456792917903, 0.6166707617642917, -0.5006428745206988, 0.5039032034354182, 0.14138566770382374, -0.13946642502994108, 0.2981059375848839]
[-0.3562153659865115, 0.6048917977337354, -0.5136711140477712, 0.49331383820576225, 0.1426377335757339, -0.12420273490138833, 0.29559594392581895]
[-0.3733379646642962, 0.5915757246112036, -0.5241851797480042, 0.48568184543464343, 0.14230637419951075, -0.11347357866938762, 0.29038300579906273]
[-0.3767050779232781, 0.5839739552679133, -0.5316111734888908, 0.48420790567686217, 0.14108818725961747, -0.10994960905019915, 0.28778684378180996]
[-0.39541520584263096, 0.5706758150973064, -0.5329818330179072, 0.4836386337199271, 0.13787791052007392, -0.1018093734220151, 0.2838513598247471]
[-0.40475975576130113, 0.5607664572604956, -0.5403363380168283, 0.4793195140701392, 0.13693569724599702, -0.08827967315411678, 0.28417895411341537]
[-0.40639026977934917, 0.553518528380833, -0.5493866606667417, 0.476065666770526, 0.13487562020447352, -0.08088175369343145, 0.2816936811956099]
[-0.4084644300925312, 0.5522857928945276, -0.5492383838435928, 0.47589331245168465, 0.13438291750958495, -0.07998223866260645, 0.2811229080869752]
[-0.4076825963372748, 0.5523632048095257, -0.5494116402877229, 0.47627373944970813, 0.1344048880683325, -0.08055597482629293, 0.28120013768464536]
[-0.4091206763376891, 0.5542700383935728, -0.5479377801123545, 0.4745199896910247, 0.13672251509179262, -0.08117545625581576, 0.282186027199707]
[-0.4081888402760144, 0.5558133195211078, -0.5472097109262077, 0.4743574511065489, 0.13738399033711138, -0.08189860214293784, 0.28275971013357887]
[-0.40843363681821854, 0.5562616469403129, -0.5459194327712745, 0.47510730578634947, 0.1374942681457744, -0.08283501287391892, 0.28304617291937817]
[-0.4079003667073148, 0.5571715575123355, -0.5456555265205173, 0.47480230336001383, 0.1378631907384915, -0.08311041384073467, 0.2832891124823348]
[-0.40741415333052344, 0.5589654798748231, -0.5456971363476357, 0.47306021795273123, 0.13904386876559627, -0.0835917102978414, 0.28331855068302275]
