[0.11395715900379316, 0.332267693418637, -0.29113755764371957, 0.8898600413883806, -0.126537571905635, -0.30561016683284004, 0.10293749790251588]
[0.11460734806843897, 0.33507226086325875, -0.29139923087274683, 0.8886384241832461, -0.12557421825788145, -0.3064110696376508, 0.10346150472162567]
[0.11352078186425145, 0.34306102921920706, -0.29227648440450293, 0.8854358496987613, -0.12258226234218111, -0.30843990930406934, 0.10315148288941617]
[0.11454476148359907, 0.35947320747405775, -0.2927340662397658, 0.8786155599494914, -0.1173293211558816, -0.31182544449965144, 0.10513373832126333]
[0.10851089523596824, 0.3818189172857569, -0.2940703586510877, 0.8694609532661605, -0.1086736538764784, -0.31607212719667993, 0.10865323334464394]
[0.104376181830328, 0.4068718611871657, -0.29318436793593505, 0.8588386651523494, -0.09946267073203374, -0.3204888830463223, 0.11228023057500966]
[0.09469392162668454, 0.43280936522642766, -0.29071961975021704, 0.8480514385434995, -0.08815113357120788, -0.32580889859693596, 0.11666466746135702]
[0.07867266983840793, 0.455044473111269, -0.29103932118508996, 0.8378790349747476, -0.0762832999668048, -0.3291300171404408, 0.1214563718475444]
[0.06633844943014569, 0.47394754753036683, -0.2931911945303507, 0.8276544454604892, -0.06495225748573472, -0.3315927077742176, 0.1222939205205671]
[0.057871121951528194, 0.4910866305949331, -0.2969670566135088, 0.8168815380793495, -0.054901005042356565, -0.33220398988282135, 0.12122336826349399]
[0.04949605786204443, 0.5097218771567454, -0.29516861065988453, 0.8066035364403367, -0.04473660964508831, -0.334284721639786, 0.12141217357444967]
[0.03955983043714741, 0.5266008729575669, -0.292655853871859, 0.7971694406731288, -0.03462859687127512, -0.33672807384946807, 0.12321348607358165]
[0.029872060048062962, 0.5416467089099517, -0.2882246822164484, 0.7890836842937805, -0.025855972107957217, -0.3389712461031906, 0.12544624166678592]
[0.019076073308934783, 0.5617830550560529, -0.2840865435742082, 0.7767436924422331, -0.014447117468369366, -0.34185284343609934, 0.13107789859424113]
[0.004735352894302015, 0.5712415329972926, -0.28784377139316597, 0.7686394969928366, -0.006653842422820633, -0.34014204575297347, 0.135311426174632]
[-0.004760037804929862, 0.5770334039570628, -0.2943404340222774, 0.7618225039444062, -0.0025003313708451963, -0.33631663970138576, 0.13889868564973207]
[-0.03002659868621116, 0.5875130806478195, -0.2988022462800785, 0.7514279919691407, 0.00638008345277602, -0.3315981755411713, 0.1496260269586746]
[-0.0545844856557857, 0.5969807986028155, -0.30494779777519404, 0.7400279231069237, 0.016638989001670393, -0.3274617867234611, 0.1593429494109694]
[-0.07470138971601085, 0.6013698410888306, -0.31574377817414095, 0.7301232155297178, 0.02223414027438403, -0.31924374812829315, 0.16649484729289488]
[-0.09246635271965283, 0.6041085696934095, -0.326926924511777, 0.7208478499621214, 0.02701819704456611, -0.31143528965226647, 0.17442759771243238]
[-0.11584107598273363, 0.6041848568084411, -0.3404984406293592, 0.7110572012904118, 0.03130613378456169, -0.3003490628534757, 0.1837008155326598]
[-0.1408714581261111, 0.6026471236912105, -0.3561106997542819, 0.7001120442000088, 0.036231269129297944, -0.2881630570424647, 0.19246874499353844]
[-0.1697286420498836, 0.6008907841667145, -0.37453949882329307, 0.6854506886789025, 0.04274305108034514, -0.27368446963024745, 0.19369139402870617]
[-0.18338896468866964, 0.5864893976571532, -0.39144574657995457, 0.68495907279128, 0.037990922581503314, -0.2609178596249986, 0.19601925088757116]
[-0.19710853043804283, 0.5789164419130151, -0.40400584478450824, 0.6802817712734124, 0.03711825982665539, -0.24985898149347405, 0.20659132327223395]
[-0.22680223253511925, 0.5778736538939889, -0.4156862665162781, 0.6647012461110714, 0.043578247058012214, -0.2341120104842993, 0.2201483296069438]
[-0.25049424520505326, 0.575637811488102, -0.4287275016433911, 0.6496818488591906, 0.04987289297217733, -0.2207691690678203, 0.22686302073411568]
[-0.27947323251127887, 0.569922480588278, -0.4477401692821458, 0.6297712704735228, 0.05742463952569627, -0.20483866628300312, 0.22771544838589508]
[-0.3137073911261387, 0.560715631313885, -0.46380629351764596, 0.609974926661058, 0.06360383494251598, -0.18769326491440802, 0.22656024244015788]
[-0.3319743771228638, 0.5663656793086527, -0.4664700091159455, 0.5928142181677483, 0.07345509826788676, -0.18116930946875348, 0.23088632043512408]
[-0.3483484928918435, 0.5708265928639852, -0.4682005574411847, 0.5775799543578926, 0.08288325033393426, -0.1758305215784725, 0.23530861624862157]
[-0.3614031195613669, 0.5765815984529129, -0.4701755288305143, 0.5620288745538672, 0.09164138670257295, -0.16998724234548038, 0.23943302116585266]
[-0.3702515727585032, 0.5769515440715686, -0.47399114469004755, 0.5526057568215275, 0.09623406458120201, -0.16312259735675383, 0.2443047697111046]
[-0.38941296379537166, 0.5776551875406307, -0.4815339997108028, 0.5317866828029236, 0.10559413776685006, -0.1512799419628386, 0.247638212594997]
[-0.4046119596444949, 0.5744649517211157, -0.48591523234428047, 0.5197745766162217, 0.11012614441251231, -0.14510928262946274, 0.2456592138218638]
[-0.4062366651900828, 0.568056916642691, -0.4925070166318613, 0.5193457351443278, 0.10830720278076403, -0.14021786033194739, 0.24603211186320728]
[-0.4076306751443186, 0.5647961257659906, -0.4950137289819901, 0.5194266262478009, 0.10792246657583039, -0.13132100659268564, 0.25452075059559304]
[-0.4197201105862138, 0.5657848806304515, -0.4967178027032837, 0.5069457231285807, 0.11459606412789403, -0.12067874708643975, 0.2606428710080131]
[-0.4304638085332028, 0.5644192995016168, -0.4979047103035335, 0.4982195288606304, 0.11908487997706228, -0.11262939501554256, 0.26398009673975487]
[-0.43701039337063075, 0.5658870705324461, -0.49813400790631546, 0.49056730993414216, 0.12332868841505729, -0.1067843937578106, 0.2667534734585231]
[-0.4404520807631861, 0.5652998280637875, -0.49660958006152955, 0.4897111700713428, 0.12516855754502426, -0.10368382944407789, 0.27019640251953614]
[-0.4431626863340435, 0.5607927547536583, -0.4972478726616225, 0.49179559711468074, 0.12415383598099793, -0.09861259169228453, 0.27324964507982624]
[-0.4451409596528158, 0.5604208832146059, -0.4957890687947984, 0.4919056776002504, 0.12453610255267318, -0.09559744225607747, 0.27561668535213046]
[-0.4461311363520942, 0.558996843624468, -0.4951653025874409, 0.4932554084244449, 0.12397511439759784, -0.09347950596994237, 0.27714665728259724]
[-0.44694902245033874, 0.5584684598358133, -0.4951527666553793, 0.4931260744313344, 0.12401901859496724, -0.09326321844024649, 0.2770857192120215]
[-0.4473602572277511, 0.5588572857950553, -0.4952641673784306, 0.4921999347780693, 0.12490039765695708, -0.09310539419509228, 0.27741920814920884]
[-0.4491995459643715, 0.5594149395143327, -0.49355782070431664, 0.49160493079575207, 0.12561373886170857, -0.09327865953550898, 0.27769848581432854]
[-0.45020036558366017, 0.5603745379670564, -0.4937099307882674, 0.4894390148833219, 0.12664231285262267, -0.09304040012570144, 0.27731497917467307]
[-0.4496816927608625, 0.5612949963249546, -0.4939294593122114, 0.488638955120529, 0.12727978104221038, -0.09317102080472017, 0.2774580254924169]
[-0.44854581767795537, 0.5616797018689315, -0.4946071595770006, 0.48855537710285707, 0.12724997451495296, -0.09311519362463741, 0.2774788094228496]
[-0.4486202925944385, 0.5619787418465787, -0.49494304465600125, 0.4878023638422214, 0.12764246320839287, -0.09275993875283309, 0.2775523494858285]
[-0.4484042756204035, 0.5615434860619198, -0.49519251196844166, 0.4882488420917724, 0.12748297943801823, -0.09308729552442158, 0.27746094383420866]
[-0.44936647194353896, 0.5616306027524322, -0.49398615121690903, 0.48848598675379984, 0.1277448961892767, -0.0938534155819847, 0.2774808855975387]
[-0.4492000563770173, 0.5623966412024999, -0.49373078925612585, 0.4880156471975835, 0.12832001125436465, -0.09402627314153764, 0.277770819164739]
[-0.45027302577632233, 0.5630061868334927, -0.4939537223971788, 0.4860946336537572, 0.12941659507169898, -0.09346275106237134, 0.27779228325790595]
