[0.42589181428000217, -0.5495805888626734, 0.5817222856231642, -0.42210964882459445, 0.14872907592292478, -0.060302690319800956, 0.2629323150363598]
[0.43574957733359687, -0.5583086530004406, 0.5682625591361727, -0.4189169994760399, 0.15448724798598754, -0.06317430898617485, 0.2663425386485745]
[-0.4388840025136459, 0.5738884656266697, -0.556531456374648, 0.41025069784572693, 0.16426740337781562, -0.06793644860144823, 0.27046807501644016]
[-0.4451659747781969, 0.5867459243116477, -0.5444446465041509, 0.4014181579700921, 0.16903456290615862, -0.06808924803729022, 0.27097659957107967]
[-0.4441431808436133, 0.5919416754461108, -0.5428904665784201, 0.39700360734550355, 0.17183266041306428, -0.0680482157155338, 0.27163784942104513]
[-0.44603047454086914, 0.6004197356901612, -0.5388146828641103, 0.3875973803074801, 0.18579498294039537, -0.07395080963362455, 0.2766868243223641]
[-0.4651269713142356, 0.6184779379614457, -0.5071276567616718, 0.37942524399937533, 0.20404116817295215, -0.08559948599507086, 0.28322371711333105]
[-0.473424702531635, 0.6360374403353806, -0.4821539616807269, 0.37262986692668004, 0.21925185958212456, -0.09658131788897806, 0.28806035957113313]
[-0.4740416894266113, 0.653057533648462, -0.46175006041955063, 0.36822174092304233, 0.23187008801625025, -0.10888297612830178, 0.29153706216576264]
[-0.48103847381121306, 0.6613104877898721, -0.4415894787931937, 0.36914657261947725, 0.23478275556476985, -0.11807463115146258, 0.2903998457392265]
[-0.4968629474946473, 0.6610264322988644, -0.4253655413094878, 0.3677437405147425, 0.23404943584538118, -0.12197412810480959, 0.2853549028825655]
[-0.5062864870987285, 0.6600377532644774, -0.4169341109813647, 0.3663197238553398, 0.23235608641690997, -0.12509666246048995, 0.28033872172980984]
[-0.5091969861721967, 0.6613455117872382, -0.40790967969666353, 0.3700679293859375, 0.22910431588304134, -0.12966221059105226, 0.27765624266208877]
[-0.4426287021750803, 0.6927166687734257, -0.40978458717832306, 0.39534803984824385, 0.2315235549307499, -0.15847732843350987, 0.29122711187077055]
[-0.41202411144640105, 0.7151702639741837, -0.4014707992977563, 0.39697462436936465, 0.2354811027226582, -0.17823787777143757, 0.29141065267672195]
[-0.39592438209616954, 0.7180032575013127, -0.3980815240861902, 0.4113955947771317, 0.2281182946660488, -0.18891167289371538, 0.29031894454112916]
[-0.3704525701722045, 0.7146860536213804, -0.4021347544235168, 0.43620683837135316, 0.21628950328108337, -0.19642784984541345, 0.2959480229845706]
[-0.3517908471699079, 0.7115052017784713, -0.4056979769814295, 0.45322480863611647, 0.2094189898824807, -0.20013336797300083, 0.30257644292185104]
[-0.3655172573713467, 0.7128510411082234, -0.3915709479407583, 0.45267289393010013, 0.2100540120099128, -0.19797727245096963, 0.3023104355754619]
[-0.378177983898551, 0.7463533674544393, -0.3669784340052348, 0.4065278842043839, 0.22862175861615242, -0.20180906601993043, 0.2885800797094442]
[-0.3557481587087617, 0.7570015165356685, -0.3830091089420003, 0.39204081608238045, 0.227400935737549, -0.21032814514613796, 0.27668668544175684]
[-0.3272573273798869, 0.7475851709771055, -0.39398308439048674, 0.4228432449940257, 0.2028173964773482, -0.21816349640398897, 0.2697701730578703]
[-0.28824950072549393, 0.7288882932345393, -0.4022241543615042, 0.4731277174126885, 0.1671443611737301, -0.22903230638324104, 0.25837004140175535]
[-0.25545806903177, 0.7077499463628306, -0.40722543527372373, 0.5176858793502803, 0.1366086898761883, -0.23792179111486655, 0.24369655063412138]
[-0.22787598489569708, 0.6907319945669387, -0.40615293057525387, 0.5531741848675571, 0.11358525454767948, -0.24608049032778886, 0.22991304923969003]
[-0.19253572436970062, 0.6753234536495454, -0.40735202757312, 0.583894328517885, 0.09283332534435375, -0.25458245274324676, 0.2164242564270924]
[-0.15376359358723246, 0.6599352288576276, -0.41970678272868545, 0.6038944451635367, 0.07430296372314746, -0.25706611356766196, 0.2045959431938384]
[-0.11922268679919325, 0.6387675669152573, -0.4349498225454464, 0.623362359893026, 0.05428285564646025, -0.2540631289104113, 0.1954253183200916]
[-0.09145655910540273, 0.6169537388282214, -0.4501494073952934, 0.6390378131446787, 0.037635207914820126, -0.2500031606150438, 0.19144131505213224]
[-0.0654669040908468, 0.5953165984431175, -0.46259933394768094, 0.6536926816830644, 0.023297939577558657, -0.2481292620886049, 0.1896416260316861]
[-0.058304582930656754, 0.5741982357013802, -0.45515724589486184, 0.678033093495669, 0.00928828319027094, -0.2501090780350194, 0.18878908603946665]
[-0.01868656124363746, 0.5555688635757922, -0.46650202410776326, 0.6880188548298356, -0.008622287968479553, -0.24458232090466236, 0.18611267561300715]
[0.024698133243351968, 0.5369585686758258, -0.47874560829976154, 0.6941672518028821, -0.02500073905434988, -0.23903231291977645, 0.18381647769463202]
[0.06272139212351059, 0.5230001023663988, -0.4833332282531625, 0.6992323959970684, -0.03807706276185431, -0.23675049389971525, 0.18394282351917907]
[0.09916501988041586, 0.5089857106753632, -0.4838414561871676, 0.7049803710269904, -0.050512256063671476, -0.23615927794853425, 0.18173185095550287]
