[-0.034624015131938655, 0.5186092117560553, -0.42298329591310246, 0.7422471449882931, -0.031072639985385397, -0.2561065327649534, 0.1823068420639382]
[-0.03362815891375543, 0.5187486669928421, -0.42374495991441286, 0.7417608820982587, -0.031171623606595866, -0.25578672786740625, 0.18240080828481947]
[-0.036511154149266735, 0.5236052091211164, -0.42520824911832616, 0.7373618483945076, -0.028092356265772445, -0.25544946666018364, 0.18310739759880765]
[-0.05048607997129022, 0.5385794029428843, -0.42968619923613893, 0.7230167239335148, -0.0177467498046638, -0.25314879351493796, 0.1867936742371792]
[-0.06542861179248025, 0.5591549632504234, -0.4337931004763029, 0.7034830494517161, -0.0030392421193803226, -0.25283841800465956, 0.1916558417932535]
[-0.08292970184592198, 0.5820210972939887, -0.42945179940178735, 0.6855255576395983, 0.014714579835008026, -0.25858950396865127, 0.19555505068603546]
[-0.09264348487382741, 0.6051047015666657, -0.42274047101128065, 0.6682484646640778, 0.03054379283567464, -0.2652392514891027, 0.1987255239093098]
[-0.092426401508834, 0.6226103898130356, -0.4112487700758314, 0.6593088374701582, 0.04136467393365065, -0.2754288337942861, 0.20218820701958828]
[-0.09968859659252415, 0.6345881782513713, -0.40971383099067216, 0.6476840556410114, 0.05219019709031031, -0.2789037177266349, 0.20717129610845725]
[-0.11524576387829212, 0.6407948856259524, -0.4137604165560177, 0.6363196352214737, 0.06161601757029424, -0.2761927525612856, 0.21392328018930337]
[-0.14486417646880193, 0.6399465405026915, -0.4244561844180005, 0.623954947168581, 0.07072408061210182, -0.2649794133323755, 0.22448340973890726]
[-0.18125932326130725, 0.6349873239218108, -0.4359408793642596, 0.6114668754929011, 0.07804857235774439, -0.2481610587264338, 0.23548993394778167]
[-0.218175863675261, 0.6324838908754823, -0.44519891897249303, 0.595114592267856, 0.08786733577211814, -0.23223885034390193, 0.24419052032137784]
[-0.2426575147840496, 0.6216739804942057, -0.45532074883110235, 0.5893401769008189, 0.0890981892200397, -0.2144904330491087, 0.25553387866626126]
[-0.27226319216852735, 0.6148890219416504, -0.46636250881494096, 0.5747088763659203, 0.09544440722385328, -0.19532649790862894, 0.2640987130353726]
[-0.3063048291468825, 0.6037955341516441, -0.47719925700087235, 0.5602581659564244, 0.10029861455877018, -0.17382646514236771, 0.26927285757623515]
[-0.33532942364811, 0.5910000916885297, -0.4873123644803649, 0.5484521573917599, 0.10259065087441444, -0.1544905203853259, 0.27103741231357703]
[-0.3583099330259556, 0.5790974760358896, -0.49623821524961165, 0.538523704654633, 0.10311216394523798, -0.1388769627877791, 0.26961120564283236]
[-0.3734930862985081, 0.5648223684585003, -0.5043727014257733, 0.5358048404691669, 0.09936490175218336, -0.12828420340022387, 0.26550048452010205]
[-0.3916807018056026, 0.5477775266529145, -0.511030133023748, 0.5342043198618136, 0.09446195996721789, -0.11682112672514142, 0.26111440670117453]
[-0.4053015989346525, 0.5341846956165398, -0.5184185447172373, 0.5306784161201069, 0.09104244246558789, -0.10714150655855612, 0.25677078326264374]
[-0.4158797836008806, 0.5204099555703882, -0.5212107950625845, 0.5334386889098276, 0.08593412287853679, -0.10155610373927881, 0.2535882121773907]
[-0.42379700218843686, 0.5104923917188544, -0.52639715894971, 0.5316951142682911, 0.0827996149788541, -0.09510721474013892, 0.250223718567819]
[-0.43041682206814874, 0.5035147879907577, -0.5272873424570133, 0.5321487767821864, 0.08041653350007791, -0.09324527985089495, 0.24737135295098917]
[-0.43584159853999843, 0.5029018952112637, -0.5288023318056965, 0.5267826153402722, 0.08235729317460101, -0.09295637895586897, 0.24470454727971336]
[-0.4457013163230281, 0.5046879526599725, -0.5354256299684494, 0.509862578694909, 0.08991948779939954, -0.08927050198090675, 0.2413885206227092]
[0.4570198765982543, -0.5032071046250797, 0.5380790877878033, -0.4983837671284087, 0.09475337292002313, -0.08436041979241715, 0.2403407268995007]
[0.4666702161519895, -0.49907686875764107, 0.5417530340301387, -0.48953537095750543, 0.09742199472307385, -0.07825133255805056, 0.2393146485307584]
[0.4715172167605416, -0.500017154039599, 0.5422876968742686, -0.48329954909415884, 0.09977691763526716, -0.07519162136723301, 0.2390347886546587]
[0.472853109984354, -0.4990645699451924, 0.5423187775450622, -0.4829439670070682, 0.09975536118303646, -0.07480635953696244, 0.2388107137029521]
[0.4743599959802564, -0.49816582097703277, 0.5421400679504967, -0.48259464986199035, 0.0999085269899057, -0.0745823989807152, 0.2387399546445643]
[0.47555744746725603, -0.49687987553418417, 0.5404467909772479, -0.4846367816859387, 0.099136502230978, -0.07595376339200186, 0.23854575658808888]
[0.47630510204543525, -0.49929838067143495, 0.5390679326210911, -0.48294966756715224, 0.10096593656086625, -0.07651937223969796, 0.23944255589686303]
[0.4768597951179257, -0.49933421012674944, 0.5383870505413494, -0.48312473215996293, 0.10107021394721039, -0.07679446412387564, 0.23958203888704202]
[0.4776821548733222, -0.4996420749969371, 0.5372500621948177, -0.48325973056421845, 0.10150852260579744, -0.07733824100637399, 0.2399969117794042]
