[0.4766770882952898, -0.5127801349819788, 0.5237943210685643, -0.48525770234954047, 0.10572572776043875, -0.08410783856766627, 0.24513534097888987]
[-0.4684928020547187, 0.5215282234563033, -0.5144216482903693, 0.49385545961158833, 0.1055578264009697, -0.09254675338732152, 0.24839995036980803]
[-0.4507380981059112, 0.5382264454251734, -0.49992954872459633, 0.5071665910086347, 0.10510083689840227, -0.10684034563298761, 0.2528618279206036]
[-0.4191709658208386, 0.562449711379726, -0.4836585319411885, 0.5234696646129187, 0.10544365080937099, -0.1272308000098397, 0.25840730336501877]
[-0.3890422053113907, 0.5822124151865943, -0.46972693491784473, 0.5376165105146731, 0.10403451764084985, -0.14534761555188178, 0.26102218703615626]
[-0.35702332422628547, 0.599125719082559, -0.453562260876431, 0.5548549645949549, 0.1000988119215883, -0.16455257388815384, 0.26232875422295]
[-0.3316762411344246, 0.6116275904256622, -0.4365882901962008, 0.5703448625566184, 0.0955595459588128, -0.18289044946185162, 0.2592714483057671]
[-0.30513015488634565, 0.6214838427854952, -0.4169370119340124, 0.5889116942232595, 0.0897180810563195, -0.20233974196698895, 0.2555847905217644]
[-0.27689764595351585, 0.6322014715770166, -0.3950596386452614, 0.6062812111290988, 0.08537149225356098, -0.22344573135989906, 0.2512947416419804]
[-0.25016800635751174, 0.6394995406452716, -0.3694881653090011, 0.6260469887664508, 0.07985248688919395, -0.24522875218294377, 0.24476213013099718]
[-0.21796934742550167, 0.6472761311494779, -0.3481174575090277, 0.6421349067892633, 0.07412645389609793, -0.26515998096693216, 0.23678437038696762]
[-0.1819152409899507, 0.6499436431408651, -0.33818130740388713, 0.6558304183565014, 0.06565020822204712, -0.27995912403796874, 0.22656793667892342]
[-0.15167694063674547, 0.6416708947891743, -0.33970437469286624, 0.6707112154615406, 0.051596096737065666, -0.28482960347594566, 0.21356325849694216]
[-0.11872557475351196, 0.6183181652320776, -0.34925239951476145, 0.6939810329362315, 0.0321525153069199, -0.2876244551765282, 0.20136280296462275]
[-0.11543478248775776, 0.5992160371704951, -0.36095025801803954, 0.7052162018988981, 0.019890963685710687, -0.27917154641733294, 0.18913086244326327]
[-0.10094504059097999, 0.5735905510448687, -0.37233732199664965, 0.722612569537929, 0.002636946536152082, -0.27209024353311834, 0.17716149982687152]
[-0.0921238787258362, 0.5478364422572771, -0.37812183968300234, 0.7405486656689712, -0.011872200942941613, -0.26799799936820334, 0.1670340996101234]
[-0.08129297853783667, 0.5282704800762911, -0.38369325818761774, 0.7530612614408084, -0.022901755055658904, -0.26531847521528473, 0.16013637221240495]
[-0.07179529126891028, 0.5085682321651709, -0.38589057510424996, 0.7663499733377223, -0.03398289129910674, -0.2635470380977666, 0.15507725121012603]
[-0.05380542395666982, 0.4905581677743276, -0.38657414523242417, 0.7791136750563105, -0.04557283402810881, -0.26302469079046037, 0.1468315701941342]
[-0.030943932459321644, 0.47344167203150433, -0.3855594158777427, 0.7913529054075722, -0.057776332862861254, -0.2633790734039467, 0.1415682218989862]
[-0.00353154804923222, 0.45880292372605375, -0.3820694598403247, 0.8021909752734281, -0.06828778344325526, -0.2671076669041253, 0.13704192172553833]
[0.025953241127173326, 0.44560207403865715, -0.38026775029195775, 0.810038077150598, -0.07752885822434394, -0.2703263797492308, 0.13126218042142207]
