[-0.30494531277908943, 0.5963784002233499, -0.4303927570396785, 0.6050646812806456, 0.08570342856197159, -0.14384603517928113, 0.31861554842040823]
[-0.3052807567712821, 0.5958585478922341, -0.4309617978319237, 0.6050026555108792, 0.08514673395541632, -0.1434899029353619, 0.31796325632022904]
[-0.30590271161198535, 0.5994954252265036, -0.4274996146278347, 0.6035502294277115, 0.08536613526404273, -0.14685681942957662, 0.31559925474659606]
[-0.30721272444967723, 0.6106066553977879, -0.43214312534654736, 0.5882450239302639, 0.0917853131288603, -0.1482754168141045, 0.31095571524666077]
[-0.30259892542976974, 0.6262898528462431, -0.4304798312418218, 0.5752234874775878, 0.0985461455446657, -0.16203463705873458, 0.3019446408873705]
[-0.30190671755646853, 0.6323604665886055, -0.42644810734633337, 0.5719393507528818, 0.10015613505039261, -0.1739414741052348, 0.2923427537158232]
[-0.2970373688049237, 0.6397882116167505, -0.42061653835328844, 0.5705450097949724, 0.10093177610810308, -0.1846151012092602, 0.2842939245393089]
[-0.2906086778541432, 0.6478918396594489, -0.42374643791179106, 0.5623359779454485, 0.10405538838573339, -0.19132680386799483, 0.27591330514696377]
[-0.29564067391660265, 0.6598102608566445, -0.4198557323493968, 0.5486056974605303, 0.11257109243152402, -0.2034597320203653, 0.2591736194534858]
[-0.29664969930813184, 0.6630201516111586, -0.41094079230011077, 0.5509364162040451, 0.11383322052609555, -0.2161726840674593, 0.24309892733392569]
[-0.28102296984745573, 0.6596993072085439, -0.40245090127568994, 0.5690836672245565, 0.10675883355158422, -0.229054546320957, 0.23400317069199433]
[-0.26954451224842996, 0.6548107995895994, -0.3943043081239826, 0.5857411697572151, 0.1006726705262051, -0.2392129339464355, 0.22719082002358326]
[-0.25654277115496754, 0.6539234338904785, -0.39125735999245803, 0.5945482820365868, 0.09610125974155419, -0.2452019279618654, 0.22130535947677127]
[-0.23954445418007284, 0.651784614627894, -0.3848754360958083, 0.6080018098755819, 0.08983272995053405, -0.25342710736097024, 0.21651657770069122]
[-0.21544136123167568, 0.6537866430484863, -0.3720526040699028, 0.6226756262932142, 0.08338803207872568, -0.26554155703346266, 0.20985410596475007]
[-0.1929426209376266, 0.6490078539870232, -0.35392620375535805, 0.6452117652789876, 0.07359644830060139, -0.27886275049703446, 0.20233099254661308]
[-0.16676919512337648, 0.6442165265025444, -0.336182711014149, 0.6664490344950535, 0.06433674124152236, -0.2930697109666544, 0.19332484998959243]
[-0.1564453091457202, 0.6365112641820374, -0.3229923409466716, 0.6826816615685469, 0.05808701884457283, -0.30139011061491155, 0.1867775017428338]
[-0.1482492842443652, 0.6232808234061424, -0.3125308813877321, 0.7013327598524631, 0.05057350663603146, -0.3088328205420728, 0.18152840332730852]
[-0.13530668381247485, 0.6120677876488623, -0.30417505642493226, 0.7173163083556813, 0.043466220508536005, -0.3162387611662311, 0.17526326268905984]
[-0.1140637541293925, 0.5921262293340726, -0.29631941951637136, 0.7406556664519564, 0.027500330977094263, -0.3215413193196551, 0.16774116255918395]
[-0.10338229504020502, 0.5768374079378165, -0.29005481605195144, 0.7565969438001394, 0.017403209237085826, -0.32495289346362777, 0.16209322596649808]
[-0.10289267181389328, 0.5682395001823347, -0.28275347232318027, 0.7658769274338254, 0.01477064928436432, -0.3290270081028722, 0.15781972883882672]
[-0.09587668208232769, 0.5559187161582205, -0.27391530026110517, 0.7789303411879248, 0.008701931746845984, -0.33420488069663806, 0.1521559876131699]
[-0.08480928864329915, 0.5474507180249096, -0.2654160402380599, 0.7890877305621685, 0.004428074564254314, -0.3401709582719238, 0.14472803836852133]
[-0.07715234930689216, 0.543177131863977, -0.2613483201385333, 0.7941682434559367, 0.0021975940328920612, -0.3433436820689751, 0.13959437199308566]
[-0.07126516849449994, 0.5350733022455558, -0.26113788393741444, 0.8002654981017204, -0.0030539424823482486, -0.342966723634294, 0.135028762728406]
[-0.06220349894414778, 0.5199175617050904, -0.2628386741325751, 0.8103902208176186, -0.012319792186473513, -0.3420719835176074, 0.13049470819866515]
[-0.0527435102097385, 0.5096728486263606, -0.26470440802268796, 0.8169353161294188, -0.020294592983586546, -0.3405973211298976, 0.12828057142768604]
[-0.04449096070021561, 0.5030428442386115, -0.26660592812275263, 0.8209078847466985, -0.02656086839261694, -0.33913591984394076, 0.12828970235338855]
[-0.032651881060910604, 0.49505302275813645, -0.2640456721349709, 0.8271253031681324, -0.03509644888763072, -0.33887241650806893, 0.12954466128809652]
[-0.02656065069780387, 0.47895143092187337, -0.2604435718912791, 0.8378957149829339, -0.04435193689478423, -0.3387812053305989, 0.12778518447642406]
[-0.011027473090121464, 0.45189423197431955, -0.2580332746952326, 0.8538669988062335, -0.056169494494008376, -0.3407048071020314, 0.11577123390359911]
[0.005414427192233042, 0.43072414125821, -0.25568604871773876, 0.8654894956441453, -0.06677327178943415, -0.3410107121482725, 0.10555670377880726]
[0.01484768778957953, 0.4155186159112319, -0.24952825164701437, 0.8745624631552292, -0.07360871036538497, -0.34285325403606687, 0.09909505241645923]
[0.025439936527498753, 0.40337201072347373, -0.24640157603939813, 0.8808689563040705, -0.08000343755705536, -0.34289141411796475, 0.09351557329198683]
[0.04192073569018823, 0.38466716736269724, -0.23827321094013873, 0.8907860143325558, -0.08902429985422558, -0.34470325865868584, 0.0854748823570565]
[0.05932694691448117, 0.36705399510012754, -0.2349741093095673, 0.8980750915403944, -0.09715402972931683, -0.34457462431788694, 0.07660565923847765]
[0.07448330982566577, 0.35012742546899067, -0.23168052556884342, 0.9045369978834976, -0.10534254356271272, -0.3432943451578493, 0.07055188757933162]
[0.0881665794640831, 0.3265955327427542, -0.23478920928767225, 0.9112826474007627, -0.1159662136947692, -0.3370496877926359, 0.0639105721929914]
[0.10776513964364087, 0.30723422963107844, -0.23063716106309073, 0.9169516490419825, -0.12547117723783519, -0.3332384031077579, 0.05682429695446482]
[0.115485965353628, 0.2928164195917272, -0.22965613024821493, 0.9209666779869633, -0.13012401245152017, -0.3314299480707682, 0.05210914981949087]
[0.12431632731086625, 0.27544029137339865, -0.2300784096261552, 0.925063265927158, -0.13396064969673094, -0.33054028930747115, 0.04435014167145683]
[0.12876904332385944, 0.2635247666648137, -0.21529229280221165, 0.9314625506147262, -0.13564980476473804, -0.33598001221971385, 0.0405380152246335]
[0.13695619828857702, 0.25049026135634916, -0.22423449087724823, 0.9317813829541954, -0.14398001183254375, -0.32402281903297775, 0.045004027360090355]
[0.136069059015399, 0.22493887988373118, -0.2558725453134848, 0.9302779027002039, -0.15448289576218158, -0.2995591472277975, 0.04647711810837901]
[0.13096037712798086, 0.19928010796434004, -0.27787667854841014, 0.9305489746474809, -0.16132857078631493, -0.28171427931578014, 0.04651413098854589]
[0.13029899027561587, 0.18388542428124893, -0.287713224917795, 0.9308219210606923, -0.16500990014164946, -0.2720297577808388, 0.04656695513648322]
