[-0.04066745068520005, 0.5055967551072348, -0.43707030285382864, 0.7427567975683823, -0.03873550636945883, -0.23964416152603885, 0.1832668521075841]
[-0.03867855670713112, 0.5107195397329087, -0.4360135534810728, 0.7399741431149032, -0.037370596776635456, -0.24018133287329899, 0.18372031433578187]
[-0.04045158250127377, 0.5202059879373585, -0.43663102102755724, 0.732872964128266, -0.031905437377434814, -0.24193777761045945, 0.18490762040023234]
[-0.04733103794148158, 0.5336207297062697, -0.43646253875182706, 0.7228479595631606, -0.025327335866574208, -0.24077453647575273, 0.18958120527223024]
[-0.04274759590957794, 0.5505733342249028, -0.4472838824065692, 0.703547302473605, -0.01664566905716179, -0.23775742794911184, 0.19290394699894706]
[-0.044006078596649144, 0.5633022044681033, -0.44305793434583374, 0.6960271474002336, -0.007682425201447837, -0.2463285877259299, 0.19037368770231586]
[-0.05606698273417171, 0.5681096421461006, -0.4402265600279866, 0.6930429534827927, -0.0019459920857334417, -0.2485412220593701, 0.18975786303782213]
[-0.06454200382746242, 0.5777394536974274, -0.43985018064799225, 0.6845314483331191, 0.004061891949182488, -0.24749293991390675, 0.19129065627024866]
[-0.06756128895688943, 0.5973413223622588, -0.442292057997687, 0.6655798860399147, 0.017358825405468632, -0.2510186046354637, 0.19106981425261518]
[-0.07827640908377975, 0.6174376527728108, -0.42505465024541, 0.6572458633834682, 0.03161882474404628, -0.2639946894508757, 0.18905450912048447]
[-0.07357144838853381, 0.6347266839006965, -0.41439920264212343, 0.6480606540101281, 0.04236820271485052, -0.27597230227015984, 0.18750288812939683]
[-0.0652311005136143, 0.6473835061060343, -0.409616997182649, 0.6394164893872412, 0.04945433668051447, -0.28404835745480966, 0.1882453124603612]
[-0.06745890945451292, 0.6567905523019876, -0.4083399439606195, 0.6303443408569929, 0.05655082068618729, -0.28716341294780967, 0.19261375104149073]
[-0.07689250433997578, 0.6617116172118686, -0.41127556532063997, 0.6221557040850423, 0.06279858584877775, -0.2858284736556082, 0.19809699369970796]
[-0.09974849005947603, 0.6639610965975186, -0.4150490020608174, 0.61395460712249, 0.07013303103143834, -0.2799153863975193, 0.20602882315414972]
[-0.12077988429318431, 0.662116249374792, -0.4222362149075857, 0.6072321665255972, 0.07583736619880514, -0.2726603547945806, 0.21336313704221457]
[-0.1451781820094199, 0.6583238554138747, -0.4320068970055098, 0.5990851959455714, 0.08090538186459438, -0.26186416822450914, 0.22000183055983094]
[-0.15591014065672407, 0.6558037675142693, -0.43901728951271046, 0.594034764010119, 0.08388381093961224, -0.25582638989882944, 0.2266384479739545]
[-0.1631071620022679, 0.6521222462371113, -0.4504691483354128, 0.5875459231330017, 0.08532044296913259, -0.2477137512660152, 0.23097094651071567]
[-0.19566687731362248, 0.6417890998077567, -0.46237068361744993, 0.5796849249687379, 0.08798964624679943, -0.2299048074108831, 0.237170867390313]
[-0.218431968341381, 0.6374848117348938, -0.4757275105781312, 0.5653175781156776, 0.09401935392093685, -0.21506665120432877, 0.24367680030933808]
[-0.23916247751948583, 0.6298010349225241, -0.4875055743966017, 0.5554190494784553, 0.09731140378127079, -0.20050039425896887, 0.24889856771141616]
[-0.2639956017946215, 0.6205265461549243, -0.5006866430207645, 0.5427393986980334, 0.10137973721047261, -0.18416929977074709, 0.2516296435980924]
[-0.2817903534534533, 0.6127373729735633, -0.506006411880585, 0.5376845376469878, 0.10264786194780874, -0.17166391571251105, 0.2565390976488951]
[-0.3019537283053508, 0.6081389749524736, -0.5202124063637302, 0.5180444291373314, 0.11033099984606444, -0.1538434393029986, 0.2612475245549841]
[-0.32378604542631007, 0.6031505909413927, -0.5300648238713197, 0.5004031291618415, 0.1174654555742976, -0.13782192030430687, 0.26378247595508475]
[-0.3474594138751682, 0.5965271664855667, -0.5378571154341663, 0.4838771009922629, 0.12471984030576964, -0.12290565515998852, 0.26528876806375334]
[-0.3585507516052231, 0.593104316278203, -0.5443792080834694, 0.4725673889137339, 0.13062657944480024, -0.11307095630751746, 0.268063847787897]
[-0.3699768821797299, 0.5857418304907098, -0.5523551950614639, 0.46360261499620714, 0.13435888062369233, -0.1040973513692251, 0.26804328179854864]
[-0.3829861972408859, 0.5773644714141154, -0.5588882076215963, 0.4556488161440662, 0.13626732265714378, -0.09882034034936152, 0.2635981822688733]
[-0.3940667124058579, 0.5725915565271218, -0.5605473744135852, 0.4501522073282016, 0.13765650065241805, -0.09492737405061724, 0.26095647040945325]
[-0.3987883731907583, 0.5663572159907375, -0.5651699267123662, 0.44809633439525526, 0.13859632590504972, -0.08350529482353922, 0.265675717463476]
[0.40961435429659176, -0.5604445167074092, 0.5751695680818285, -0.4327794214585664, 0.14397855933447568, -0.07181434953769811, 0.26378776067170684]
[0.4173448311179608, -0.5525753754816837, 0.5818084979324367, -0.4265942482972465, 0.14508502029015624, -0.06468370583129596, 0.261584856084536]
[0.42475943214451095, -0.5457035885962948, 0.5858636911119547, -0.42255270421395497, 0.14516010203857896, -0.05869933919331821, 0.2595661579781702]
[0.4305578588974688, -0.5401175172051251, 0.5868385899174213, -0.4225085813290549, 0.1435179671438586, -0.05530728433786222, 0.2579255466611844]
[0.4286087649155612, -0.537179627376017, 0.5884611897564666, -0.4259648307191513, 0.14078664330258467, -0.05545115596353192, 0.2570780594762633]
[0.42652090719668495, -0.5396514187554167, 0.5885644102982031, -0.4247919856944537, 0.1424412554361789, -0.05610989381378076, 0.2582447450445736]
[0.4264687181200087, -0.5424159271492631, 0.5868834038577615, -0.423647611748901, 0.14447721623078022, -0.05709073143432919, 0.2596399763431142]
[0.42613684926766116, -0.5426154859232862, 0.5868885851205483, -0.4237188254205141, 0.14491678001227437, -0.05754617422004224, 0.25999756766178905]
[0.42616312199690537, -0.5426839013329832, 0.587011627222084, -0.4234342456596534, 0.14505108648614956, -0.05741196132483381, 0.25999987204861474]
[0.42618866768363334, -0.5433734600267158, 0.5874086704361866, -0.421971077781368, 0.14561696911915567, -0.05662576998230437, 0.2599853861891626]
