[0.08742966306435822, 0.23510704690286763, -0.27011733036133695, 0.9295791428121432, -0.14975979112332877, -0.2847616400105944, 0.09713135557000413]
[0.0813292826258626, 0.2382119110161555, -0.2647650498763548, 0.9308813704880702, -0.14733555628773398, -0.2901455897622614, 0.09885163923374196]
[0.06248160557208839, 0.24337900039589683, -0.25051589445728223, 0.9349355709732788, -0.14051831994026898, -0.3041782452821168, 0.10414911044478303]
[0.041246048946506554, 0.24419061661147545, -0.22501539034301252, 0.9423575776194721, -0.13113223790158143, -0.3249739314903156, 0.10785647169118825]
[0.02056221454169915, 0.2519205616499566, -0.20027433188921007, 0.9465745831389406, -0.118166676147446, -0.3464474011526235, 0.11487496309657819]
[0.0007864820105383505, 0.26154576521721845, -0.17261969493286308, 0.9496292214900124, -0.10262912517484338, -0.36862247938177706, 0.12299594148340878]
[-0.018263102598328383, 0.2799486172896254, -0.1437304116016293, 0.9490188736574373, -0.08236115145936704, -0.3912231903777538, 0.13471634564435306]
[-0.026407049439980682, 0.30730702794243914, -0.11739485172709012, 0.9439722082524568, -0.05999445832781042, -0.4111571625040049, 0.14910896854408331]
[-0.03814784569168698, 0.3418379333066115, -0.0917495598013245, 0.9344910969158029, -0.03348335283084655, -0.4286682959858824, 0.1671744346979827]
[-0.06956617569707499, 0.3756651422708527, -0.06631206468150293, 0.9217586347713959, -0.0028887467991602633, -0.4411339103516214, 0.18893078277379002]
[-0.10383002131794906, 0.4072685655300482, -0.04223074078137334, 0.9064040099680214, 0.029394197298939412, -0.44993668427456035, 0.20911104206305473]
[-0.13786428477943885, 0.44344918163880426, -0.029282759097413236, 0.885149029729116, 0.061562536460477796, -0.4514053371052671, 0.2291651941319358]
[-0.17081520256111885, 0.4713707145029779, -0.03627401153036885, 0.864474426868757, 0.08299657664724398, -0.44247435581643324, 0.24564210889276672]
[-0.2023455528962096, 0.4903462219785299, -0.05915992214130584, 0.8456458987288131, 0.09679035449315027, -0.4270411671932597, 0.25881915753148593]
[-0.2355312139297523, 0.5036568425744034, -0.092858346844194, 0.8259734756022726, 0.10837675862206822, -0.40630247391377905, 0.27109703784936273]
[-0.2689934528585244, 0.5187514143634157, -0.12029933536906061, 0.8025382142493476, 0.12195493756220072, -0.3849808329795987, 0.2838848520318271]
[-0.3067150302831869, 0.5350308252577883, -0.14369020131783283, 0.7739645053509345, 0.1369432756902651, -0.3605805013647821, 0.29788938076757376]
[-0.3524862517737194, 0.5437695473058118, -0.15278181508833844, 0.7461406450227958, 0.15192827220750008, -0.33741647727159685, 0.30970272237697827]
[-0.3963645670338153, 0.5518844670713239, -0.1598755124372252, 0.7160715810238663, 0.16768356180897892, -0.31410979970600134, 0.31938819895941234]
[-0.43471180163850703, 0.5574140932665506, -0.1692255818630488, 0.686788107390629, 0.18176436998382406, -0.2915151143322322, 0.3258770204327671]
[-0.4740242989469513, 0.5619129219682885, -0.17743809383875503, 0.6542710288119429, 0.19596723654528372, -0.2683967614775344, 0.3294888038556564]
[-0.5000071822275255, 0.5677165972670807, -0.18607461472889775, 0.6269505125157866, 0.2055310939912642, -0.24944482996935563, 0.3312226732325291]
[-0.5163320289547618, 0.5723671888276936, -0.19645059939666923, 0.6059737815205876, 0.21322680129224597, -0.23464939339850116, 0.332451270121628]
[-0.5374876562668961, 0.572958630694522, -0.2024622372628969, 0.5846661393940633, 0.21951553887145794, -0.22129170996545405, 0.33072358395259815]
[-0.5493419123401875, 0.5744177051425399, -0.20451846026021836, 0.5713492698525039, 0.2227578148186091, -0.2156853771227504, 0.32743330296480466]
[-0.5595896275526719, 0.5747764434407574, -0.2031741104674539, 0.5614372583676506, 0.22436809195063953, -0.21273543378071424, 0.3238696136368917]
[-0.5641471371247342, 0.5778315653419541, -0.20811635163115952, 0.5518480766046134, 0.22679875737933172, -0.20947495561510748, 0.3208411833224828]
[-0.565899240313892, 0.577822473651926, -0.20885188199697954, 0.5497819166617061, 0.2273394114229754, -0.20889534297204804, 0.31987453693457957]
[-0.5629284506218222, 0.5771575472654672, -0.21281177547423422, 0.5520071550067696, 0.22659047941574156, -0.20529057468535972, 0.32407019755513666]
[-0.5586449839725768, 0.57899115263257, -0.2152289364134975, 0.5534993747854833, 0.226852585175991, -0.20296813928047286, 0.32780789682349726]
[-0.5581445037090141, 0.5787128720997935, -0.21648119369067553, 0.5538068646754825, 0.22694012849067577, -0.2021638311724751, 0.3284838492140577]
[-0.5567238592247881, 0.5791001149864584, -0.21736152151921165, 0.5544867864186734, 0.22700865821108374, -0.2024952241041045, 0.3286496576642086]
[-0.5547737800999784, 0.581239654743078, -0.21662087814795483, 0.5544925046852022, 0.22812691963097417, -0.20377556148551823, 0.32865091884281694]
[-0.554089979258298, 0.5775289874470554, -0.22218514653620272, 0.5568467924705425, 0.22414235611048586, -0.20227718348719065, 0.3284578428669512]
[-0.5550419524681722, 0.5747411945518995, -0.22588922594978847, 0.5572926287703951, 0.22181438173646673, -0.20001670541338493, 0.3286520732065632]
[-0.5563624764905385, 0.5747038683559876, -0.2229005511816922, 0.5572177571051644, 0.22207747789345922, -0.20064085619303718, 0.3286096921450387]
[-0.5557163651384187, 0.57895750493728, -0.21950514904573545, 0.5548018065567263, 0.2257340571754133, -0.20169856356994564, 0.3290026142020239]
[-0.5554938020186692, 0.5788985595120494, -0.21811958236591242, 0.5556320432350743, 0.22609356745487005, -0.20239520928012084, 0.32925535718335897]
[-0.5567063349606146, 0.5764667698588977, -0.2185263176693728, 0.5567857705751051, 0.22498563651542436, -0.20210364064058428, 0.3290913216829058]
[-0.5570293529093779, 0.5757210333806945, -0.21759612680263588, 0.5575980122340373, 0.2247551416730276, -0.20265444531328036, 0.32898495457807136]
[-0.5571638192069343, 0.575242166261965, -0.21679645766259464, 0.5582689768911218, 0.22445238346047316, -0.20288282629715598, 0.3291512751673038]
