[-0.557766303833374, 0.5795837835689549, -0.20646151636000695, 0.5570933996957833, 0.22884960272498236, -0.2056204577028542, 0.3302834474734411]
[-0.5585762410456216, 0.5773837161732438, -0.20569565819136468, 0.5588469817282395, 0.22754421941493838, -0.205817853024503, 0.3303759629139206]
[-0.5568978700644425, 0.575658030863625, -0.19942041280109812, 0.5645477110799796, 0.22588423505847055, -0.20947095242490832, 0.3311348741111467]
[-0.5437951651495326, 0.5785575078008255, -0.19170511622190697, 0.576894446087184, 0.22548662636260758, -0.22082653435473631, 0.33140072604129134]
[-0.5290585685837714, 0.5824136498783159, -0.184437426502341, 0.5889602973505311, 0.2250162466931282, -0.2340438711119165, 0.3296420745642653]
[-0.5047717118326196, 0.5887451492897193, -0.17458718852165744, 0.6067157539479241, 0.22389966150427337, -0.25357052921447465, 0.3265433113639654]
[-0.4774589865571921, 0.594831127975201, -0.1638308704055756, 0.6255943696140172, 0.22157762726006708, -0.27436744188982165, 0.32226116670308014]
[-0.4480504104210836, 0.6006593524714919, -0.15518478468825422, 0.643721118512448, 0.2158468280087979, -0.29331479864444704, 0.31738199197217437]
[-0.42231056213376816, 0.6015174239086651, -0.149226023249849, 0.6614848414549259, 0.20834249356496376, -0.31077308861368025, 0.3100260774977366]
[-0.39652045924629725, 0.5989804360938402, -0.1462396473362648, 0.6801528884471943, 0.1985802427164185, -0.326850691045548, 0.3015317683092461]
[-0.3672436192128179, 0.5958892218615996, -0.14818442691385567, 0.6986340662672484, 0.18590270502007947, -0.34065982855169186, 0.2930850377854715]
[-0.3318485261539766, 0.5911442678617842, -0.14601879941934778, 0.7204884065020601, 0.1711625818626107, -0.35717165615425006, 0.28305652574994833]
[-0.29983060698119796, 0.5860923110900791, -0.15207075313960364, 0.7372054798326831, 0.1561748149553481, -0.3680984686175635, 0.272612300575684]
[-0.26482828128527025, 0.5817638283249953, -0.16238197927360068, 0.751697376502859, 0.13891457615963362, -0.37641646255025857, 0.2615553966434011]
[-0.227767778005596, 0.5736638603332052, -0.17002988044655956, 0.7681936461645629, 0.11974494789981327, -0.38470003651005236, 0.24984498765529833]
[-0.1917079216439214, 0.5607827567942975, -0.1754749300601298, 0.7861166230290727, 0.09869710383397644, -0.3918327045299111, 0.23699404804595683]
[-0.16224155859769307, 0.5426483084919894, -0.18171927126175952, 0.8038585821252865, 0.07812762091292201, -0.3958726201292361, 0.22426124763365957]
[-0.13784556948008939, 0.5240631956082192, -0.18810437033050456, 0.8191294986341873, 0.060380975221077174, -0.3980673022817818, 0.21202947247754225]
[-0.11243991320188866, 0.5119734035467522, -0.19489649519907745, 0.8290089745488868, 0.04523068224632662, -0.3990741052577127, 0.2005940079686645]
[-0.0890087771736119, 0.49675878650928973, -0.20225137281807698, 0.8392869304425539, 0.02941914311553151, -0.3984720516667548, 0.18955425119501076]
[-0.06440844031215345, 0.48418710975125007, -0.2091331012132926, 0.8471586424132079, 0.014997126602155908, -0.3972759063292582, 0.18028599649774668]
[-0.04125471288359182, 0.4664614090528407, -0.21786059864199392, 0.8562993553922068, -0.001593018571015986, -0.3935287873146141, 0.17061219044534615]
[-0.016007904000302803, 0.4481099235251854, -0.22637348342710079, 0.8646943468595908, -0.017970703549776146, -0.3893850022530428, 0.1596678648376913]
[0.006657135051223889, 0.43231668739665197, -0.2350426549751314, 0.8705245193754166, -0.032383469122669456, -0.38407496066777025, 0.15021224248121687]
[0.02813540382749599, 0.41401778096386066, -0.2488370608498272, 0.8751444552552045, -0.048420372829927616, -0.37431630188194326, 0.1417670461595288]
[0.04350824547375575, 0.3913168429004039, -0.2660890244561741, 0.8798720456179918, -0.06663629563648144, -0.3590006305071317, 0.13455869495526782]
[0.05596002429822403, 0.3733460220409114, -0.2797672615648444, 0.8827295891853527, -0.08174677500031172, -0.34421248780776403, 0.13172808511052672]
[0.0682517801090576, 0.3550040059431754, -0.2927445316108088, 0.8852200373064905, -0.09571744665478307, -0.32890679964513847, 0.1297287338435331]
[0.07715437936755476, 0.3409465760469818, -0.3021460150944089, 0.8868542409553253, -0.10743347481941692, -0.3133581658150608, 0.12853682013234205]
[0.07625697586327436, 0.3242513017874295, -0.31344479335457687, 0.8892684373886314, -0.11780724660551337, -0.29671834678686754, 0.12930834717662726]
[0.06993365460919954, 0.313161141308607, -0.31469524402796434, 0.8933119904074587, -0.1245432539880238, -0.2860839244182662, 0.13222445018666146]
[0.061718251843790456, 0.30576054408605613, -0.3089225958097393, 0.8984810526814737, -0.12992851735722663, -0.277900645035052, 0.13674709483032743]
[0.06067953620249635, 0.3042441766919948, -0.30343523789571863, 0.900933158614286, -0.1335240917955595, -0.27063582088812743, 0.14298672342063948]
[0.06608696334244826, 0.2996991707926486, -0.3008646364307082, 0.9029359976465086, -0.13676665543838223, -0.26373118132250395, 0.147598612030236]
[0.07620911019211807, 0.2897585222179483, -0.3035710382076341, 0.9044759920097011, -0.14092893336805368, -0.25425628772201375, 0.14951044445424086]
[0.08881786994014802, 0.2745108259776972, -0.30737428596147987, 0.9067945003225597, -0.1457803289549524, -0.24460832927611886, 0.14771036885271918]
[0.10046914918683941, 0.2592195607083275, -0.31165401897815453, 0.9086159623348572, -0.15022744220682244, -0.23609911405460624, 0.14346433076370801]
[0.10645120449741807, 0.24900658142231838, -0.3108723439130099, 0.9110555824861524, -0.15248142066215278, -0.23434622298971333, 0.1395642015190146]
[0.09404679363022483, 0.24639782033062013, -0.3087549235913043, 0.9138455761072175, -0.15131149157581875, -0.23633705079040787, 0.14130383935563495]
