[0.10069288499934591, 0.12137518020125515, -0.23023248229982576, 0.960271855481074, -0.173999081912975, -0.2627543690524762, 0.04323562162730307]
[0.09872365699697778, 0.12413851277503847, -0.23271544825973323, 0.9595242639766368, -0.17379330577183483, -0.26240812351409415, 0.045017226476349086]
[0.06881060652947632, 0.1148237074762732, -0.24245627218668098, 0.9608827174220235, -0.17375432457754827, -0.26615108384135916, 0.03859789163741764]
[0.06147237046818409, 0.07181951791822266, -0.2510702003996272, 0.9633415194076396, -0.17516879456256712, -0.26894409682717085, 0.013520920079637632]
[0.05385031902145803, 0.06038168960002505, -0.24250453306656408, 0.9667707949975596, -0.173132809921135, -0.2777690448734165, 0.008043158360231542]
[0.03142109191824784, 0.08330721807010301, -0.21782729907676013, 0.9719176476467488, -0.1672044844761058, -0.2958515776287844, 0.01903487971804754]
[0.007816778163912854, 0.10395098595403235, -0.21446720181233508, 0.9711523739570519, -0.16210526096799496, -0.3039479161373122, 0.0295122188323781]
[-0.004435309291550061, 0.1092718321726548, -0.24118141792898204, 0.964298471573185, -0.1614657166344355, -0.29620827854219617, 0.03420779138550798]
[0.006386601617388585, 0.11427512369989677, -0.2746706516816944, 0.9547022912354922, -0.1593674705312667, -0.28937311197051824, 0.0339413311770053]
[0.006408056696305942, 0.1096459363961354, -0.2980062439811574, 0.9482241342171045, -0.1564769594343999, -0.28588173549432583, 0.0335526328915004]
[0.027407389919863613, 0.11446768425972677, -0.31151415306044394, 0.9429236138928672, -0.1534553834018157, -0.28616523946464856, 0.032874823137941656]
[0.04221080403906658, 0.13624531081600513, -0.32600139376183995, 0.9345472592685032, -0.1484390134204728, -0.28619383502461526, 0.03606214560663194]
[0.036429794004570686, 0.19081634512183743, -0.3245530156981085, 0.9257037095151562, -0.13654787786875355, -0.29612682351327924, 0.05264681088638552]
[0.0015949624219076272, 0.247253241230559, -0.29770812097700294, 0.9220809022779104, -0.12004155751039994, -0.3145297796607792, 0.07398091992774858]
[-0.018452011726938673, 0.2832053755194282, -0.2758542907161267, 0.9183456175992717, -0.10608271533172534, -0.32891686601406456, 0.0867289431189112]
[-0.026340755206541177, 0.2952810048324903, -0.2712516007171337, 0.9157171432177713, -0.09886880679183319, -0.3346698046250905, 0.09113197647025892]
[-0.03231614064898086, 0.31163528300160753, -0.2679933273810674, 0.9110536308956689, -0.0906449824895548, -0.33968815258167695, 0.0952096089082757]
[-0.03764462672931956, 0.330331859718176, -0.26698025066889536, 0.9045359665300565, -0.08125638191247078, -0.3440081366965569, 0.09999940989360384]
[-0.04724848299224228, 0.3502550225671928, -0.26474520094065124, 0.8972173666728263, -0.07083874887057434, -0.34802639698968063, 0.10672186624108088]
[-0.05091211800208331, 0.37627482839055637, -0.2605337864956479, 0.887664001913283, -0.059140235551472325, -0.35315033376081656, 0.11437513682647651]
[-0.055072530625204306, 0.4049821112141113, -0.25798441642003067, 0.875443071424672, -0.04726116497150168, -0.35630099312095254, 0.12370258688319974]
[-0.061325537643681864, 0.4112343809629658, -0.2584116435143018, 0.8719798789645248, -0.04266264306842363, -0.35679585778742223, 0.1253798339760546]
[-0.06539130624340221, 0.4185038268207671, -0.2560590836310855, 0.8689144343075976, -0.03754762670451253, -0.3590409035609939, 0.12704904314455615]
[-0.0756799846508978, 0.4328977642440814, -0.25363072676332205, 0.8617096637072486, -0.02745965580735174, -0.3619037768319286, 0.1332253339855125]
[-0.08206523913632834, 0.45549092904008, -0.2547769957898265, 0.8490477118690143, -0.0154710237612658, -0.363274354875247, 0.14156749517591924]
[-0.08778433419161216, 0.47472297861051926, -0.2562842245200007, 0.8374069650530158, -0.006934806510338731, -0.3622907015881045, 0.14765656630579133]
[-0.09039282914777573, 0.49807375699171136, -0.25648977252117444, 0.8233861125317627, 0.0033320295302592673, -0.36265604523984174, 0.15450514274355076]
[-0.09333149709746918, 0.5228656353478301, -0.25479098690232455, 0.8080732248701891, 0.014843387180084683, -0.3637787615247275, 0.1609816848552474]
[-0.08717470546143558, 0.5463823873828768, -0.2594817746817069, 0.7915403281017945, 0.022866503962084686, -0.3628867461040927, 0.16624565955803514]
[-0.06942788968784244, 0.5690686504040191, -0.2572488001086732, 0.7779226947865375, 0.026715391890840517, -0.3654384456767923, 0.16997074092676728]
[-0.0675866085938198, 0.591220627553012, -0.251950828585605, 0.763158584320452, 0.03193434928127746, -0.364670524726766, 0.17856849812693473]
[-0.07412734711552091, 0.6053584387375882, -0.25688147914244497, 0.7497054274006505, 0.036719084108761985, -0.35915062557514316, 0.18909415912023578]
[-0.08473787050112899, 0.6172218946404004, -0.2647229510952267, 0.7360559833689443, 0.042087948816474166, -0.35164946450673706, 0.20115747977058165]
[-0.09239784451526149, 0.6281526510359261, -0.2773714705859796, 0.7210769573767176, 0.046730405540561584, -0.34232815402362704, 0.2123817069351929]
[-0.1043181095858616, 0.6370323748856767, -0.28919116864485467, 0.7068776270357046, 0.050934838769147596, -0.3307443020927533, 0.22483467769717677]
[-0.11665165702156301, 0.6406381159234117, -0.3007274899781979, 0.6968057109428125, 0.05344007473782853, -0.3187041836991455, 0.23678897017509495]
[-0.13685424216850614, 0.6421350722479167, -0.3205412548884769, 0.6827787319206158, 0.05813438783351066, -0.3014175064020344, 0.24900608259844015]
[-0.15493556041788964, 0.6464568076405152, -0.33296241976487756, 0.6687485499611522, 0.06543174139977789, -0.2897780652183684, 0.25696287663895623]
[-0.17518104415031197, 0.6444259696109649, -0.3390826653282531, 0.662608289962852, 0.06946905956534499, -0.2816848481720976, 0.2587527816188985]
[-0.17544690869823715, 0.6351669994501116, -0.35197849691290406, 0.6647499015094334, 0.06373535824931084, -0.2701730572827774, 0.2667740615581906]
[-0.1909871335365179, 0.6330115208709255, -0.36227927544823485, 0.6569429847341186, 0.06511354326982134, -0.2506352939715798, 0.2816694237669992]
[-0.21494024420887717, 0.6349740310183688, -0.376845443268562, 0.6392153107987754, 0.07410501162740873, -0.22811954070151017, 0.29565903428015017]
[-0.23593651981473238, 0.6340963523567172, -0.3876309871817929, 0.6260974552309084, 0.08198160067336285, -0.2109621747592448, 0.30487543305286313]
[-0.2548404424092435, 0.631643069570562, -0.3975373994287756, 0.6148556168217605, 0.08814514465354319, -0.19590727164097854, 0.31049049010142393]
[-0.27064558536083066, 0.6268279885132383, -0.40364440636794885, 0.6090228776758397, 0.09028438620019795, -0.18336782543431088, 0.31338138870430954]
[-0.28554913559979195, 0.6155560346234494, -0.41337357352021853, 0.607185952604763, 0.08857934761014515, -0.16696616237169354, 0.31622672261447216]
[-0.2946548033121615, 0.6030151691172407, -0.422667319503583, 0.6090185736580402, 0.08476527866001779, -0.15365390786790836, 0.317797590413638]
[-0.2928724677044157, 0.5987480371931093, -0.42776453510991785, 0.6105276747746305, 0.08226447850496879, -0.14788731739151362, 0.31888083848322246]
[-0.295054969239229, 0.5956342811372352, -0.4288454978809266, 0.6117629776025435, 0.08105148661525188, -0.145332928665345, 0.3190574425126981]
[-0.2937279113566571, 0.5936148915278843, -0.43061931269368753, 0.6131168859039736, 0.07965129192862011, -0.14409743154784915, 0.31901526537811176]
[-0.29452401790187904, 0.5936447691837061, -0.4299602157607071, 0.6131686043217833, 0.0797083306190705, -0.14410788614842546, 0.3190251385792175]
[-0.2931880569856649, 0.594093491679544, -0.4293875627156651, 0.6137752364522286, 0.07994698502203929, -0.14571858277829958, 0.3192080320279536]
[-0.29356121707428773, 0.5927148132917919, -0.42966937902990177, 0.6147318278326558, 0.07888878130438728, -0.14557267503894739, 0.31853828097953923]
[-0.2922574297762244, 0.5918599053734398, -0.4311937125871715, 0.6151093097440958, 0.07821221002488882, -0.14549662211728082, 0.31809859458277606]
[-0.29397633646337545, 0.5919116382340499, -0.43152412572417603, 0.6140077268683105, 0.07884730076440544, -0.14484989163561324, 0.3180754269682786]
