[-0.09983810499256979, 0.530436174755278, -0.4025466971728036, 0.7393416010666045, -0.026667832468551894, -0.23561907350023037, 0.21084445446676028]
[-0.10400699735406839, 0.53822221427525, -0.4039125470228611, 0.7323619844472218, -0.021835254031670387, -0.23497597639693757, 0.2132439677361229]
[-0.1190277336728528, 0.5573248077266818, -0.4082140183293231, 0.7131499158106522, -0.008280031299466598, -0.23216111037357848, 0.22024094436186445]
[-0.12958105065839903, 0.5617972986475399, -0.4143472321527808, 0.7042080289512599, -0.00317993839156102, -0.227254347736155, 0.2224565074000274]
[-0.11655889188644342, 0.5403843786036319, -0.4143679398214149, 0.7229785532244641, -0.01753625695685826, -0.2277409485966457, 0.2128836022556346]
[-0.09196952665282372, 0.5292673513379031, -0.41528247799730783, 0.7341377051637759, -0.02726760101822781, -0.2328402130762282, 0.2010924677340175]
[-0.07681263172124234, 0.5447714382476189, -0.4116256219006381, 0.7265592039155424, -0.02123707797215578, -0.2428377675995544, 0.19355994041857946]
[-0.07379439965006342, 0.5630940552850113, -0.3977993497941521, 0.7205797514109814, -0.01152653787601729, -0.25632812313121794, 0.18462905709462113]
[-0.06491285755338086, 0.5768334341595069, -0.38735524234861884, 0.7162439915740005, -0.004625131226544038, -0.26766408153578614, 0.17814734449282643]
[-0.05603936350163773, 0.5863496471597602, -0.37121179801112025, 0.7178130052796693, -0.0026309671068032725, -0.2774822378806989, 0.1766445428054001]
[-0.047338926945146895, 0.5946968083557863, -0.36391639804274684, 0.7153038624853711, -0.0012784870928420067, -0.28203561747290085, 0.17782267492126577]
[-0.043716298328557314, 0.6024292797909845, -0.35501418147999075, 0.7135354280825144, 0.0008979718525753549, -0.2866932342034176, 0.17943643880302318]
[-0.034743649865560874, 0.6114085520585997, -0.3458607624165024, 0.7108817216036497, 0.002564492751814945, -0.2921830178289108, 0.18046980074565894]
[-0.03118131930451957, 0.6145577913758193, -0.3394938731018058, 0.711400298099563, 0.0023851202115254405, -0.2945988640378204, 0.17959747043236227]
[-0.02738323925498989, 0.6247497471914922, -0.32799623000695866, 0.7080652597193021, 0.005779048668316952, -0.30012965633899896, 0.17919249488515415]
[-0.028289548726753586, 0.6370913281094015, -0.31847096947359627, 0.7013491354685591, 0.011597743601830766, -0.304361990395853, 0.1797452361676255]
[-0.017176189310916648, 0.6556316338074225, -0.32930200370417023, 0.6792734040252631, 0.023622729368530236, -0.3087930973257551, 0.17569892107049132]
[-0.02388036454140446, 0.645785911288434, -0.3110377054875944, 0.696882958406879, 0.025789736385966336, -0.322799411375913, 0.16711803846344497]
[-0.03430500448222343, 0.6685212969914025, -0.286025861717659, 0.6856323176315333, 0.044954214439292296, -0.339650076267375, 0.16853554115999475]
[-0.04523614689527751, 0.6829439637001155, -0.27664057007399695, 0.674545220673258, 0.05754226795163058, -0.34598335217961584, 0.17531688511911192]
[-0.06090682260560829, 0.6930809223355809, -0.2827135146980656, 0.6603046942785301, 0.06937980306532388, -0.34469264394578686, 0.18315450987900184]
[-0.09277103583274557, 0.694412981873645, -0.28953130408136013, 0.6521930668192348, 0.07917069963414755, -0.3373439996733192, 0.19484332436829732]
[-0.09086193940663825, 0.700299201976857, -0.2934720755038132, 0.6443596074743959, 0.08453166998023412, -0.3392020086852924, 0.2055302430447725]
[-0.11997885554960169, 0.6978521172327822, -0.30275756332106457, 0.6379227085741807, 0.09045908983544135, -0.32799501164094425, 0.2172220996724526]
[-0.1685639470030369, 0.695854954438749, -0.31875772566369087, 0.6211003291818241, 0.10122839173863331, -0.3076405911662785, 0.2270057117563913]
[-0.18770116922458416, 0.694039094022092, -0.33024872641892317, 0.6115666887597, 0.10558480683280226, -0.2964389295690841, 0.23521352811293264]
[-0.20903047533372562, 0.6889658974123356, -0.3460590372931193, 0.6015608242217437, 0.10857053202192836, -0.2812656935443399, 0.2443163190689462]
[-0.22886480588517655, 0.6841426674155742, -0.35718404641886464, 0.5932868605385901, 0.11086301746332496, -0.26696628403989914, 0.2532466301713951]
[-0.2624834026704007, 0.680495482577492, -0.35307722116167195, 0.5859734363261627, 0.1161527075378385, -0.25597408535953825, 0.2567272202321908]
[-0.2970712216990651, 0.6709339069298343, -0.363421311709782, 0.5740395138694122, 0.11794608546185859, -0.2347537360476723, 0.262217393099847]
[-0.31809542736511265, 0.6724814367297918, -0.37520540052509604, 0.5529963441272, 0.1282343420900616, -0.218323609536269, 0.27236975148080855]
[-0.3368259353575081, 0.673212983979338, -0.38296052041238393, 0.535419313518264, 0.13746640209023983, -0.20456228906152138, 0.2799138035700349]
[-0.3479557676662717, 0.6734082460413257, -0.3873751455129218, 0.5247748558290796, 0.14376792443649827, -0.19398655002436188, 0.28742361312858267]
[-0.3474304547156902, 0.6749613077776916, -0.3957262223717605, 0.5168366325610864, 0.14843807687468466, -0.18740110479496996, 0.293088063351046]
[-0.39217410515791, 0.6562755178333674, -0.41188888885907377, 0.49583211846878444, 0.15163997134070292, -0.16183437731387607, 0.2880779110173458]
[-0.41943861969620816, 0.6428589418824953, -0.42298929454095563, 0.48154305511666473, 0.15392341860697012, -0.14487308168041302, 0.2854776829614194]
[-0.4344536134639406, 0.6382652946879303, -0.43302455139706486, 0.4651421741330317, 0.15967749849548343, -0.13192584980132369, 0.2852447687930808]
[-0.45609335684556285, 0.6367260352450244, -0.4371267302515992, 0.44213014105215576, 0.16868022643892175, -0.11862147496739084, 0.28328589154803724]
[-0.4748837995343019, 0.6372949285304624, -0.4386645547447388, 0.4194210228554254, 0.1799711981844019, -0.10957015929654867, 0.28165950941920553]
[-0.48719308215045876, 0.6393447824720813, -0.4385043258734746, 0.4019889819209778, 0.18864316743160042, -0.10359335023758634, 0.2802093766992009]
[-0.49556018803216073, 0.6433208625302738, -0.4372360287567534, 0.386501046413912, 0.19648743874629798, -0.10035374138800818, 0.2783972939475158]
[-0.5008245860796303, 0.6454996515689332, -0.4408593579170802, 0.3716826554790434, 0.2014751171020588, -0.09830372223637499, 0.2736875903494052]
[-0.5121164733882201, 0.6457839839414065, -0.4441466922566282, 0.3513310634946966, 0.20722873321476382, -0.09484379059958728, 0.2661455262567927]
[-0.5131502596731464, 0.6449563126373514, -0.4477952708844746, 0.3466808300200996, 0.20960255203395217, -0.09280545945888863, 0.26589898563498515]
[-0.5187999924192885, 0.6438163696071044, -0.4539343025902341, 0.3321004910172012, 0.2177579679196435, -0.08433550493537051, 0.2668639931001202]
[-0.523855424277143, 0.644160843808527, -0.457236837057359, 0.31869548785251933, 0.22466611274876302, -0.08059212008962971, 0.2653158332413237]
[-0.5216643085779892, 0.6428271821425386, -0.4617012108312594, 0.3185460599175979, 0.22487848796915233, -0.079910407625608, 0.2654946788901752]
[-0.5200908645896863, 0.6422030015953539, -0.4649160262294895, 0.31770099641673927, 0.2255542417401644, -0.07919089541269655, 0.2657269514450629]
[-0.5187932256553799, 0.6416951916900925, -0.466733390394257, 0.31818367254405855, 0.2257060241142257, -0.07924821659131301, 0.26604439132505403]
[-0.5174367021653907, 0.6411915990991006, -0.4683803939674748, 0.3189865768283023, 0.2257172674638957, -0.07984408171710694, 0.266213748670881]
[-0.516802526871156, 0.6410345185421282, -0.4693316127872991, 0.3189322320174214, 0.22581467047479425, -0.07988009598983084, 0.2662361282922462]
[-0.5164544193925288, 0.6414486514561304, -0.4694976233239041, 0.31841871649416065, 0.22674956399227728, -0.08028321534063454, 0.26650620451968987]
[-0.5160596226767585, 0.6416762013973493, -0.46980556003137147, 0.3181460218508582, 0.22717344524526642, -0.08041852875607555, 0.2666417777058686]
