[-0.5296493116074646, 0.647576587474389, -0.4481035578107626, 0.31514982008166276, 0.22944009849348776, -0.08408168680741479, 0.2654352587428625]
[-0.5364853450576829, 0.659251445624195, -0.4419814570187962, 0.28674629035547117, 0.23976717591362706, -0.08484719607604768, 0.2573358394934558]
[-0.5404662348060192, 0.659872537009713, -0.4390491002270963, 0.28231260885511017, 0.23871623599956646, -0.08590515419831729, 0.25336321579974114]
[-0.5306124972367171, 0.6723748451180818, -0.42394662937061756, 0.29433269846621957, 0.23987039244493172, -0.09894472677594507, 0.2577062138409595]
[-0.5422449169318801, 0.678721473386021, -0.4010611768869146, 0.2906158648138722, 0.23963719735461245, -0.10461465507524176, 0.25281426290925413]
[-0.5545575998384431, 0.6796581671059745, -0.3829270077224287, 0.28965080456254505, 0.23647743992128922, -0.11020601433616764, 0.24598548296401668]
[-0.5601040836031884, 0.6816898820816634, -0.36802620524389196, 0.293494582815251, 0.2318351230167565, -0.11606649022565094, 0.24094873724807764]
[-0.49520875525387, 0.7076646080435137, -0.3692500753988206, 0.34297741409389165, 0.22779603875024007, -0.14270904694441613, 0.26135463990622565]
[-0.4264604616828654, 0.7436166672072041, -0.3605177851731858, 0.36768557674578384, 0.2300206697250117, -0.17494650376152804, 0.2736261080271897]
[-0.4041048035242898, 0.7588457468607102, -0.3461899696726422, 0.37550629025182763, 0.22921047283738671, -0.1906783959456239, 0.2730737888248435]
[-0.38397640699546143, 0.7689735587093128, -0.33316450790520347, 0.3876122078303905, 0.22511989687146705, -0.20380723935273504, 0.2729227777738749]
[-0.36376348538559794, 0.7778938828424156, -0.3223278196052107, 0.39832403626343066, 0.2207858315512935, -0.21589113062545545, 0.2720634539892279]
[-0.3417795707011507, 0.787146953947928, -0.30968570497771086, 0.4094889361340779, 0.21551255491592752, -0.2283107558546209, 0.2706364300037881]
[-0.31825140623963205, 0.7958661322542161, -0.29428308972347367, 0.42274180199959766, 0.20977438147551758, -0.24319288192710878, 0.26790903072907934]
[-0.30348120004211265, 0.7990177521599562, -0.2768909149134746, 0.43909137994102543, 0.20438062863043416, -0.25745608681711823, 0.26403324194838396]
[-0.27617443536271225, 0.8046804883204751, -0.26558027922527905, 0.4535241265967846, 0.198362678457787, -0.2739885175492818, 0.26007193463182104]
[-0.24734075843362568, 0.8052657664405996, -0.26813361803762703, 0.46741200467798955, 0.1885306478064767, -0.2849823200088129, 0.2562393966988997]
[-0.22381655463240646, 0.797857034478511, -0.2796803355053663, 0.4848806416096904, 0.1716993383493337, -0.2870878054609387, 0.2505992641159417]
[-0.20739221555060244, 0.7869646551070927, -0.2898115230727282, 0.5036709358150717, 0.15692420241166105, -0.2885185679253958, 0.24524028246421825]
[-0.202392647283416, 0.7766985742162643, -0.29929528819852874, 0.5159446691938856, 0.1454843876183953, -0.2845349960706481, 0.23990856214193315]
[-0.19975095923866362, 0.7692097867719951, -0.3028752552516655, 0.5260061481898045, 0.1391177428935029, -0.2838991132198814, 0.23805010824694983]
[-0.19475148611826323, 0.7650775789164631, -0.3047353697025682, 0.532789396672789, 0.1330366058890273, -0.28251320589484114, 0.2364250444733208]
[-0.1823357797367887, 0.7600183338582428, -0.30480444525598793, 0.5442610360260522, 0.12497337128120052, -0.28552553431488303, 0.2324155727117092]
[-0.16799918650972584, 0.752894928289781, -0.30502621489203485, 0.5584662368741765, 0.11617628606497754, -0.2905757221517343, 0.2259471630296625]
[-0.14493193379008132, 0.7433089509128363, -0.3090026670948779, 0.5753294002390391, 0.10193650753360833, -0.2928670092790611, 0.2190499117507168]
[-0.12197963971931512, 0.7293080254864676, -0.3191348452365441, 0.5927763077522155, 0.08554712186382502, -0.29102356494211845, 0.213841592606798]
[-0.10178745074649909, 0.7141669429436994, -0.3397849889857431, 0.6034493212942955, 0.07215680670887704, -0.2860235943816284, 0.2083135158848971]
[-0.0854890937136582, 0.6973131139768773, -0.3548632165311482, 0.6168615431611522, 0.05842881178494212, -0.2807539636165788, 0.20293874450242044]
[-0.0701672043461737, 0.6790840437451472, -0.3706465745911156, 0.6297162630929831, 0.045293043556006024, -0.2751146347744355, 0.1991715349837967]
[-0.060241777174209685, 0.663934726515978, -0.3877117271401113, 0.6365856224367917, 0.036930420460466296, -0.2696545648177554, 0.19861384102724436]
[-0.05377079791886745, 0.6407848852213688, -0.41104925588581087, 0.6461748780349784, 0.02399983189699354, -0.25596217426601164, 0.19972505358847623]
[-0.048490286354609446, 0.6296552844352006, -0.42516149991347624, 0.6483985241172302, 0.016526744887757995, -0.24525447410182888, 0.2009496839194066]
[-0.04679938383722783, 0.6257361834882982, -0.4360250514600086, 0.6450939727082037, 0.0146764776840764, -0.23796299680158303, 0.20423682718453728]
[-0.04358479547763668, 0.6227148455630506, -0.4482424121172411, 0.6398479196184484, 0.014049519484796831, -0.23153715556761115, 0.20712049274089886]
[-0.05109998787521618, 0.6146658682087556, -0.45801788063338045, 0.6401517919498084, 0.01231769585949994, -0.22329963368231556, 0.20859052903808573]
[-0.05668867832342831, 0.6136878216524496, -0.4600488063889304, 0.6391625624221273, 0.012545864479691145, -0.21918263119597914, 0.21178544150319753]
[-0.04981233549445069, 0.6056650908106599, -0.46058091725864625, 0.6469573259239872, 0.007690126466735885, -0.22109978352073983, 0.2095846120243582]
