[-0.3497328303692706, 0.6025126113882204, -0.4349674183929598, 0.57049880017049, 0.09586698432573945, -0.1257124151189314, 0.30689894907129006]
[-0.3489771573124006, 0.6020332258822042, -0.4350181165872522, 0.5714282215543686, 0.09501954139221386, -0.12604450863162664, 0.30646871377221]
[-0.3449561046595232, 0.6031624426826888, -0.4329055229112189, 0.5742762376364867, 0.09323997647697395, -0.12946364050870757, 0.30539796760757304]
[-0.33763383424977267, 0.6068261823379861, -0.4283912798859356, 0.578140402125896, 0.09149175316028248, -0.1369302277774916, 0.3035791793821475]
[-0.3267659361126891, 0.6137148548226509, -0.4202871482321376, 0.5830410338809568, 0.08950826963507018, -0.14832999587212325, 0.3005310718010858]
[-0.3121678586860169, 0.6293876791334433, -0.40934348580386126, 0.5821171030078994, 0.09174302116568103, -0.1651992692431859, 0.29512149104042074]
[-0.2891946377005718, 0.6441941434891688, -0.39620516400696465, 0.5868576213948445, 0.09136987655222129, -0.18461920801944873, 0.289946990084611]
[-0.26258864756819683, 0.6496081402206283, -0.38257937523542385, 0.6022370957953133, 0.08414559589552432, -0.20238556001453628, 0.2852429967264179]
[-0.24636068477483405, 0.6581186522912932, -0.37092623078857173, 0.6071243815850746, 0.08171031533604041, -0.2184282020289791, 0.2743669202010983]
[-0.214137748453927, 0.6600287460229325, -0.35646635985809855, 0.6256507357974641, 0.07127807261426199, -0.23855767272822348, 0.2622883581770329]
[-0.17981786008987813, 0.6573783222020916, -0.3425979261129509, 0.6466420714199635, 0.05851080666673633, -0.25606585299914064, 0.25060680549784115]
[-0.1455216149153442, 0.6494315654722908, -0.33209539566774626, 0.6684121315409356, 0.04315212484293565, -0.2694448152104467, 0.23704597703647623]
[-0.11032135344847185, 0.6370424835298998, -0.31862130570742725, 0.6931713813730032, 0.026502409911215316, -0.2834186844957577, 0.22119082673459628]
[-0.08129076835603515, 0.6221394928621596, -0.30176393662555717, 0.7178250590706997, 0.011387471040145349, -0.2962847241346292, 0.2066703176523433]
[-0.08020158129012286, 0.6219587236741252, -0.28260849810342026, 0.7258564011667239, 0.011675283791513842, -0.30632786030943354, 0.1970286562981491]
[-0.06253399373784836, 0.617002200768593, -0.2515820101979654, 0.7430372138043078, 0.01041594409744799, -0.3287620519242785, 0.18223149471507147]
[-0.027090946870726, 0.5986887005289813, -0.23820647854637686, 0.7642614858285592, 8.073556043740326e-05, -0.3445929430937437, 0.15713520184502577]
[-0.005972289555186897, 0.5668356544280588, -0.24288150281564552, 0.7871913826119752, -0.017694682689359448, -0.34272580121873647, 0.1370786569410356]
[0.007774166165055662, 0.5423727052385927, -0.256233531127562, 0.8000723800296424, -0.032094592303423417, -0.33606573287053915, 0.12992087386238846]
[0.020774956019132665, 0.5160382584394597, -0.2683265176854003, 0.813187445725637, -0.043937832966705795, -0.3326104846942365, 0.1213001900376679]
[0.04716575525617054, 0.4748245279747185, -0.2568130946194988, 0.8404547091887065, -0.06348766711808715, -0.33728955943525785, 0.10481805459829507]
[0.07775532764022071, 0.44029267217821827, -0.2657569589049008, 0.8540900042277622, -0.08505382967310204, -0.3283302496594249, 0.0983054418197626]
[0.10373551337314521, 0.42071665451291945, -0.26833770653398203, 0.8603669797367918, -0.09838649644514416, -0.3249843054717996, 0.10250977260530193]
[0.12979291286244635, 0.3948659800529268, -0.2506725881238419, 0.8742985391045854, -0.11408117233269127, -0.32400767324488483, 0.10640722688051593]
[0.15883279722722093, 0.3648883054662628, -0.26056473283798903, 0.8796219139689173, -0.1302018759701876, -0.30782850845046444, 0.109939025653361]
[0.18217012507741703, 0.32603525856507853, -0.29235813709830627, 0.8803645837693814, -0.14454792599272162, -0.2808947056942181, 0.11248207233603304]
[0.1899261068184635, 0.29110513534336846, -0.3110704385441738, 0.8845456922466419, -0.1527959471429379, -0.262112315425902, 0.1126332616438166]
[0.20534595881765766, 0.27597729507044855, -0.3137492659970652, 0.8850033859918383, -0.15638621800135635, -0.253869261924529, 0.11461159168938691]
