[-0.09379951991865078, 0.5661688451714538, -0.4037388992425184, 0.7124952068494155, -0.0037022690720233814, -0.2515116083241487, 0.20916848355918596]
[-0.09972660069440452, 0.5758300075895054, -0.40530651975809256, 0.7029943545250087, 0.002524637249894504, -0.2501944755386277, 0.21210762183358395]
[-0.11321571095353249, 0.5905639304148055, -0.4079972056708188, 0.6869896341918207, 0.014670322813691634, -0.24937695842165375, 0.21667797971179034]
[-0.12134725351517148, 0.5999192279304422, -0.41176699461219657, 0.6751442342500372, 0.022519251439423023, -0.2477240467863843, 0.21852067518479767]
[-0.12576670380300192, 0.6146957928667299, -0.41146250471144047, 0.661082791244289, 0.032193257445633255, -0.2492176482076746, 0.21962505578005878]
[-0.1345338901409399, 0.6459586916159742, -0.41624779002732254, 0.6256003603639081, 0.05458152069977826, -0.2508244570073049, 0.22108028816144398]
[-0.14984112974428493, 0.6742932950411417, -0.41348451289163707, 0.593217311893053, 0.07574390834091958, -0.2524611065982358, 0.22053441266679216]
[-0.15905761790447148, 0.7033201981190532, -0.4006003277624941, 0.5652970761468826, 0.09613266487865464, -0.26061206918285557, 0.21927432499049537]
[-0.1570618963532231, 0.7255346746934618, -0.39420774605136605, 0.5417852747134336, 0.1129678993522234, -0.2700345096569043, 0.22220984674684346]
[-0.1632700626237905, 0.7412988291384336, -0.38657122647055364, 0.523814522696827, 0.1272277417839083, -0.27565390042971977, 0.22691470667648603]
[-0.17719907132312027, 0.751453915530014, -0.38225624328535107, 0.5077378277016712, 0.141698593597734, -0.27751227709780957, 0.23414258666576257]
[-0.20563619877805356, 0.755840341785825, -0.38190368412160614, 0.4904780644442266, 0.15740325549054918, -0.2724531826334902, 0.24114159973605095]
[-0.235487339571217, 0.754880440976918, -0.388151902091812, 0.4733279606406686, 0.17292753880974324, -0.26313865162890593, 0.2513494034346151]
[-0.2581680775122127, 0.749732090341128, -0.4056963108005635, 0.45460044548715356, 0.1852976707360584, -0.247363970429763, 0.2643280609042464]
[-0.2901876142947882, 0.7460359500016993, -0.4205400563762333, 0.4270451928101747, 0.19992204977101127, -0.22656084545933236, 0.27230228082162045]
[-0.3169992963904998, 0.7419129791164601, -0.4367029863950173, 0.39795364778801456, 0.21452185310577454, -0.2055709196432251, 0.2788145877459418]
[-0.32959895087158675, 0.7377510238030827, -0.4470198354286605, 0.38374633833575095, 0.22437213094888384, -0.18971079382120543, 0.28869438016387694]
[-0.3617157568167334, 0.7324155189773396, -0.4630868199169225, 0.34391836827761013, 0.2433435679699502, -0.16665704059604497, 0.2876657187324029]
[-0.40486566971139837, 0.7169139194505745, -0.4699987826311167, 0.31814995770583476, 0.25464391638249934, -0.14206085817165515, 0.2838838123832741]
[-0.4299011149795832, 0.7014855781933799, -0.48138020038836676, 0.30228487979149854, 0.2623021999728865, -0.12385398726934993, 0.28242652689774556]
[-0.43007193325088455, 0.6947212444759057, -0.49581620035802565, 0.2942224520476472, 0.26862775961721264, -0.11344941470345177, 0.2857666069661309]
[-0.4320083852862593, 0.6872291640020951, -0.5076419216890637, 0.28876381685114594, 0.2731813545819136, -0.10215080654757977, 0.28864826709445784]
[-0.48826082310773455, 0.6558275180492719, -0.5149001528428065, 0.2576227916181078, 0.27380674185105514, -0.07404727886743084, 0.26965764826336325]
[-0.5082782224826174, 0.6332473644331454, -0.5284957759267755, 0.2476757473222291, 0.27216898664346106, -0.059472463468383835, 0.26194198580828854]
[-0.5176503668980682, 0.619896456487687, -0.5369396575554085, 0.24384897625042026, 0.27203218744550106, -0.05202693786687532, 0.2586172359432112]
[-0.5221937057019246, 0.6060148009209232, -0.5499543093563568, 0.24002102328066957, 0.27086020875044514, -0.04470921805753175, 0.2549351392271543]
[-0.5241726023371518, 0.5964426621928234, -0.5594795764824736, 0.2376591615153601, 0.27010368065808454, -0.04010968547761748, 0.2524445540149518]
[-0.5221234149386985, 0.5904399406514479, -0.5684700562607675, 0.23581698684713803, 0.270365013345357, -0.03720377809947936, 0.2512857975511564]
[-0.5278509641951191, 0.582742376013272, -0.5713332839803321, 0.23529343886687018, 0.26900619863975384, -0.03325787150097659, 0.24928916616027974]
[-0.5318843942933684, 0.5785149456717139, -0.5715131859981981, 0.23620365892768244, 0.2671758848996751, -0.03147721700622674, 0.24812274164088516]
[-0.5312569654410438, 0.5795548455651106, -0.5709628231105341, 0.23639736395348032, 0.2670634674080196, -0.03181629525782742, 0.24835403507810971]
[-0.5291586867918656, 0.5830108876174181, -0.5700954381161291, 0.2346926108483103, 0.2690382539396017, -0.03289328070425185, 0.24908261603019116]
[-0.5288850913767387, 0.5845127874711402, -0.5696109557190377, 0.23274183433183085, 0.27055155726987695, -0.03309274701180942, 0.2491473422596063]
[-0.5290325538536521, 0.5846843772095834, -0.5694398144808848, 0.23239422242112992, 0.27018634546466824, -0.03323967231011907, 0.2488049396619594]
