[-0.5052820125019084, 0.6131769555702329, -0.5585945023630066, 0.23806790776559703, 0.28252750430054424, -0.051272207162263606, 0.2604936585075518]
[-0.5071381332564858, 0.6159211504444189, -0.5543308878915051, 0.23700074834439272, 0.2832279744450922, -0.052026828692464167, 0.26051347003865377]
[-0.5088376847192464, 0.6251475942514801, -0.5413718871366879, 0.23914684450293597, 0.2833435162745387, -0.057716303570539446, 0.2617686632549018]
[-0.5270602715401341, 0.6256294125567177, -0.5311820455356722, 0.2205470046887613, 0.28443475589564626, -0.05972878253434932, 0.2511086739955045]
[-0.5453220941186936, 0.6287453540773273, -0.51202043333461, 0.21245754556010166, 0.2795024876741889, -0.07048572168063144, 0.23994422221208622]
[-0.5583657092870637, 0.6340052795557098, -0.49105153798390716, 0.21244638660856927, 0.27149202492902025, -0.08255838292258838, 0.2304289045387746]
[-0.5168133838651463, 0.6601230694210607, -0.4863142298819219, 0.24625183366112663, 0.26725832332862853, -0.10518837049236782, 0.24301872799779237]
[-0.40432318543465284, 0.709576782255188, -0.48206596985215994, 0.31723174860059916, 0.2580715020386518, -0.1526860012889842, 0.2769357791901812]
[-0.34641215803668085, 0.7391164351156381, -0.4608967606529178, 0.3482523733852004, 0.2463101345736773, -0.18632406839862234, 0.28350966725419247]
[-0.3169591694158109, 0.7523623707353914, -0.4442774506222662, 0.3689245470100464, 0.23139220232415986, -0.20644653352260076, 0.2780879803297075]
[-0.32153004461237755, 0.7548035144037087, -0.435197898013454, 0.37080035221509755, 0.21942701801571132, -0.20953916135929695, 0.260896347762893]
[-0.26202417962591257, 0.7671604461412135, -0.43808476493881937, 0.38844554704753637, 0.20195117524378425, -0.23083410501262736, 0.25369410174610874]
[-0.1733818870655527, 0.7562059522040198, -0.43930563338122114, 0.4528817320792692, 0.16176461557100866, -0.2558108712008109, 0.25668532924369936]
[-0.11509143174069787, 0.7396691920288412, -0.43981665226682554, 0.4961902700948742, 0.12775744357104452, -0.26681339417823186, 0.24945821262670959]
[-0.08065575891861437, 0.7192861342100015, -0.4460407866664149, 0.5264691453133716, 0.10197621508508414, -0.26828136911092193, 0.23835813392851815]
[-0.051780436157999335, 0.6968392474749268, -0.45190409608345183, 0.5545417702885751, 0.079352777210784, -0.26788112105248457, 0.23000429785735482]
[0.0035428691363410775, 0.6632782588243606, -0.46392635247849273, 0.5872152718288656, 0.047756496324013284, -0.26751843315067164, 0.22271296107860267]
[0.06451418614025275, 0.6361129757071682, -0.47402313917546096, 0.6053926839204563, 0.02169228844666833, -0.26791819104126297, 0.2182317204399355]
[0.14742655677925218, 0.6049020957731995, -0.493989417418145, 0.606904735333991, -0.0033678909751814756, -0.26679177201397086, 0.2133295951856155]
[0.18656892166056674, 0.5781734376058826, -0.49198542709489484, 0.6235847092008273, -0.022355982288854173, -0.2675102889460631, 0.2050468607297163]
[0.15619645117488976, 0.559036294909803, -0.4577873830077061, 0.6734328730246003, -0.03373827070892589, -0.27565253935623263, 0.1977492657961037]
[0.08168817471755821, 0.5314504159437643, -0.40070107545540734, 0.7418397230520338, -0.04559967671557559, -0.2837918518467273, 0.1919227127376661]
[0.03195491577328744, 0.4925865925147378, -0.3625883556728053, 0.7904853216835026, -0.06106674142816702, -0.2842972535515031, 0.18546859525506507]
[0.028801542791461847, 0.4497306845530872, -0.3464607850940534, 0.822725794773887, -0.08124506681156679, -0.2810141965363427, 0.17532622323930114]
[0.046492219764595714, 0.4213707323716505, -0.34374099713544637, 0.8379303864741344, -0.09559737970045018, -0.27721972371314807, 0.1676451261687058]
[0.05881497369318542, 0.4055269840891766, -0.34211386751326023, 0.845604394432184, -0.10360191557879331, -0.2747812799406085, 0.16283464292796762]
[0.07115053734002161, 0.4023687506026294, -0.34266325298597033, 0.8459426167415595, -0.10633507379688953, -0.2745011791816931, 0.16093720425410737]
[0.08619886846734913, 0.4100372921661171, -0.3439568675997549, 0.8403171268090797, -0.10493890519196256, -0.27757275696977635, 0.160411811611181]
