[-0.060157581124830266, 0.5591518766730635, -0.3896359905962771, 0.7293243914748038, -0.014057144390288101, -0.26382638457963536, 0.16203582191913066]
[-0.058550950136072234, 0.5619182344899133, -0.38689995255864695, 0.728785386473515, -0.013175541424343504, -0.265662249277755, 0.16224107192843182]
[-0.060780405909766716, 0.5684034192088017, -0.3849758570686428, 0.7245805087186302, -0.009179643485549796, -0.267821055944238, 0.16464132640492618]
[-0.06367709510787484, 0.575352466136529, -0.3851023642634773, 0.7187565410255443, -0.0052921007361894645, -0.2677537617892595, 0.1665295761413389]
[-0.0743599362986144, 0.5843172510716221, -0.3835642006461016, 0.7112822808136379, 0.0020206014777379017, -0.26929912041180804, 0.17245399195247124]
[-0.08743377211873943, 0.5891225456136375, -0.38202231437069634, 0.7066462637993366, 0.007634172153059157, -0.2695438628443718, 0.17751393656589926]
[-0.10798522149829641, 0.5988488607769242, -0.38652278731523465, 0.6930507905403951, 0.017079683539963274, -0.2643064386723675, 0.1827071781732772]
[-0.10417131269761995, 0.5934030381291218, -0.39203201182813124, 0.6952209025241405, 0.016631385122441618, -0.2665260093963387, 0.18843695665002755]
[-0.1258369246044129, 0.5985697852223942, -0.4019101333181977, 0.6814305215413399, 0.024762092498453694, -0.2576866218724928, 0.20434342341541858]
[-0.16055212801727728, 0.6026210370017956, -0.41361195088334546, 0.6633220072383396, 0.03612244728339648, -0.2437915539033025, 0.21970843717531938]
[-0.19340627758403706, 0.6062361608255744, -0.42518445776836744, 0.6436535856258363, 0.04921302711915436, -0.2308893432629682, 0.23323544274720295]
[-0.2355326777533198, 0.6059315364466126, -0.4337364956076165, 0.6238942351091259, 0.063083743979023, -0.21633867295390372, 0.2438264671005898]
[-0.2649495506612797, 0.6064362316892246, -0.44328053676933554, 0.6045984062296615, 0.07415130675256908, -0.2012549230512097, 0.25400307591166715]
[-0.28930498375483027, 0.6105359688332329, -0.4549363197773274, 0.5801563913449559, 0.08791798418069119, -0.18751221820413927, 0.2614096702516998]
[-0.3035539399597399, 0.6066348049989798, -0.464937358493195, 0.5689310231499431, 0.09427286379518765, -0.17781518922730966, 0.2662778616022837]
[-0.31623936025319804, 0.5961620816858548, -0.4784505783908264, 0.5618438593066211, 0.09525170326655169, -0.15990865059545567, 0.27403278919201146]
[-0.3337252969018991, 0.5891975163872115, -0.490713680945491, 0.5483373384544639, 0.09964250715484504, -0.14175497520472216, 0.27843337747772035]
[-0.35001269319925976, 0.5853498968349304, -0.4995240680284431, 0.5341651060406237, 0.1057008620858094, -0.12624602596318574, 0.2821104048319562]
[-0.35948007512973557, 0.5823283242550509, -0.5069484950907226, 0.5240907032494122, 0.11074256467896654, -0.11736535082263644, 0.28377023401336726]
[-0.37141394870310734, 0.5741896073522844, -0.5186183876424618, 0.5132182644767336, 0.11329144190319851, -0.10364695519695422, 0.28304914173114754]
[-0.38533557829446713, 0.5671791073371464, -0.5181809942996891, 0.5111876906451515, 0.11297292014052182, -0.09693558751352518, 0.2822637365990647]
[-0.3936942699025475, 0.5621131629710546, -0.5212266335987054, 0.5073031209641438, 0.11443421094804225, -0.08512250094243584, 0.28548086130330913]
[-0.3962784976216789, 0.5627703873659641, -0.5222225284123524, 0.5035241016549094, 0.11641553980057731, -0.08174176065160946, 0.2862229370020034]
[-0.3917456490129906, 0.5617472115295585, -0.5232677481293994, 0.5071156939415838, 0.11479804752783118, -0.08345893256065481, 0.28659230075925446]
[-0.388252569546434, 0.5640448968232724, -0.5225556737587447, 0.50798514814904, 0.11520096821166842, -0.08508741147467067, 0.28763602652913245]
[-0.38657927498939887, 0.5666627335425767, -0.5217932163074608, 0.5071308473146795, 0.11639348713037484, -0.08579964576523252, 0.2885450345207119]
[-0.38549221739855544, 0.5683167422944614, -0.5214464897335248, 0.5064636565919365, 0.11751156035679945, -0.08642473617015606, 0.28934089462996704]
[-0.3873698547177988, 0.5698984452168637, -0.5191342356850118, 0.50562837079529, 0.11873120102537457, -0.08679063103247092, 0.2900214800017753]
[-0.3878248428649395, 0.5689897919322584, -0.5193986536906333, 0.5060312171027167, 0.11825988759779378, -0.08652390666223708, 0.2897494363637516]
