[-0.38779753326178024, 0.5707896063932979, -0.5132967023531656, 0.5102341022057835, 0.11676005345135973, -0.09138143492635831, 0.28945584168475785]
[-0.38959807872464847, 0.572604129965566, -0.5087510570693972, 0.5113807330164092, 0.11783719004982816, -0.09427600837575617, 0.2903489743882948]
[-0.3871645477031649, 0.5741007406567226, -0.5061282455521499, 0.5141460842379597, 0.11689492705542495, -0.09794283659247136, 0.29010212637301325]
[-0.38200233758046026, 0.5780576364200554, -0.5014955905867357, 0.5180982525184242, 0.11633849409405837, -0.10363137324253155, 0.29085457084644184]
[-0.38182121090031834, 0.5805593947714291, -0.49444898365063056, 0.5221911501441943, 0.11451246305549606, -0.10906452812140843, 0.2895991516060952]
[-0.3651907160211482, 0.5958203025824498, -0.48652293514100414, 0.5243370894911126, 0.11685357555764855, -0.12363591927571249, 0.2898535120320693]
[-0.34937684254866014, 0.607552233495504, -0.4745807722710529, 0.5325309722687398, 0.11555847338038842, -0.13905849216676913, 0.2893097545169433]
[-0.33424732846967753, 0.6151650717585648, -0.4650296352715706, 0.5418469666713518, 0.11221917618866364, -0.15317434572245098, 0.2865450288166864]
[-0.31788531079767157, 0.6240605103029022, -0.4522403360897066, 0.5522464347208011, 0.10852355170767843, -0.16963019825994763, 0.2820102358915502]
[-0.2978626277174817, 0.6316641909769726, -0.4372437131691585, 0.566653488507118, 0.1028725366466684, -0.18757448926415532, 0.27668424980821715]
[-0.27212915063987775, 0.6428166821686235, -0.4234606596394175, 0.5774197284788644, 0.09886105610232371, -0.2059569307345841, 0.2707355940882423]
[-0.24874622541459473, 0.6466681627015048, -0.4116716058670033, 0.5920068622855502, 0.09134942285046271, -0.22069559348039236, 0.26416144278104253]
[-0.2270799744214878, 0.6506812795841621, -0.3991062278462381, 0.6047832742464921, 0.08449493405880477, -0.23487982843775732, 0.2552983758317198]
[-0.20451494297734166, 0.6522110938623777, -0.38695831389460017, 0.6189164901219577, 0.07636128198962949, -0.247150045405995, 0.2475995378974163]
[-0.1777453942994909, 0.6463252956974399, -0.37542855551521725, 0.6400965684104108, 0.06243887522221278, -0.2577167055519334, 0.2392551818237144]
[-0.15568899733456956, 0.6385828915515421, -0.3726899090626775, 0.6550382341459564, 0.050339734471620864, -0.2627936001630746, 0.23061368117383554]
[-0.13402418709356473, 0.6266172794569108, -0.3661854257997893, 0.6747566712662775, 0.036778688763731256, -0.2693558169328712, 0.22186528099816039]
[-0.1085033229698222, 0.6103368619828946, -0.36117309984769536, 0.6966132099695193, 0.01975939717573178, -0.2737599134460546, 0.21128358411503764]
[-0.07985761026038625, 0.5948932058931217, -0.3571346037914125, 0.7156673379046283, 0.005001361736270769, -0.27990855287899297, 0.2007579558171912]
[-0.057515543939683306, 0.5817295919137492, -0.3603208185474669, 0.7269467517269163, -0.0059633197454836695, -0.28153043286257057, 0.19291616809738601]
[-0.04618531130185045, 0.569109215733684, -0.3682827443135404, 0.7337230172186885, -0.0152622190157264, -0.2765377565356561, 0.1859593867691499]
[-0.03603644618202159, 0.5585347541268686, -0.3726853203416314, 0.7401661861941853, -0.022850205354652098, -0.27366186652873387, 0.18081415194668826]
[-0.028192519290519125, 0.5515444700886817, -0.3756894806590266, 0.7442185980789242, -0.027898095481081076, -0.27184279577527, 0.17637163494226454]
[-0.026013265597514972, 0.5527553150866329, -0.3736710452250407, 0.7444157774968004, -0.027840266649376583, -0.27326729746189565, 0.17631871271006844]
[-0.02337270249606041, 0.5555011580991635, -0.3717054836082439, 0.7434428301548124, -0.027084139346296165, -0.27498316061569456, 0.17696122158137578]
[-0.022021298790027576, 0.555913702911052, -0.37137902931300437, 0.7433388608286707, -0.027113181961663596, -0.27544849088565887, 0.1768815955448748]
[-0.02189414022635374, 0.5550278331579862, -0.37080941103860576, 0.7442883579726495, -0.027597992920144712, -0.2756309435803831, 0.17650943734403607]
[-0.019881377931953357, 0.5553437278749248, -0.3703645098830298, 0.744330727977359, -0.0277904906004295, -0.27623804766377996, 0.17633861396509287]
[-0.017496994413539507, 0.5557957517669464, -0.370616383005292, 0.7439277264873924, -0.0279074172843556, -0.27664868724686326, 0.1760610423712848]
