[-0.0510484004828995, 0.5359555804945972, -0.3796422812937756, 0.7523413075381395, -0.0347511316482398, -0.25749343054496515, 0.19664523297713363]
[-0.05136308133632332, 0.5352169716027106, -0.37822504203563645, 0.7535585398158876, -0.03499669289991236, -0.2584599400256786, 0.19542673348688408]
[-0.0489180522756042, 0.5399209783640715, -0.3771584188646355, 0.7508954098540283, -0.03350152624885051, -0.25933384487180255, 0.19690836710541892]
[-0.049460920309063613, 0.5546460186869426, -0.3823766989722388, 0.7373665980708626, -0.02667012998099899, -0.2568229956213276, 0.2006233367377515]
[-0.0532446343325658, 0.5754214665323965, -0.3897094778669184, 0.7170646391888243, -0.012460384823089102, -0.25910476202117644, 0.20731185503917862]
[-0.07285634230914557, 0.5912822058799629, -0.3798714939737224, 0.7076545650561336, 0.0019440569546814862, -0.26723779917456103, 0.21130687510699125]
[-0.09249917918059244, 0.609415305488485, -0.37502169802119323, 0.6923984708252816, 0.01680473301631115, -0.26998633191116395, 0.21444741796866354]
[-0.11118563256475707, 0.6303316219669387, -0.3697783674041731, 0.673486295140733, 0.03254944486026079, -0.27118463470798704, 0.21838486496956216]
[-0.12317738982202436, 0.650503140447426, -0.3659620444771155, 0.6540220229102514, 0.04812629525921633, -0.273945565139524, 0.22319536669379386]
[-0.13744442511958468, 0.6603539009900491, -0.36432287452505285, 0.6421141863343149, 0.05795743851752808, -0.2729083754686581, 0.22726842097076222]
[-0.15000200563670488, 0.6627116540551085, -0.3704353018160019, 0.6333169658636709, 0.06379085564450696, -0.2677985537197921, 0.2323658550678718]
[-0.16683667826329077, 0.6636923031289887, -0.3817636205910065, 0.6212363628632042, 0.07025526233042882, -0.25793970156791385, 0.23976111891376198]
[-0.18921957634630035, 0.6583784684074574, -0.39276569590820126, 0.6135706023778369, 0.07456451924117911, -0.24520405050936725, 0.248567685843769]
[-0.21503273190921374, 0.6515885239948392, -0.40392670584009566, 0.6050095606221297, 0.07963631363338594, -0.23199805436819493, 0.2551108927579869]
[-0.24070679026786565, 0.6477748702599684, -0.4157221241998958, 0.5912893603401769, 0.0862662239503951, -0.2203389987250078, 0.25482417080798]
[-0.2670783020739591, 0.6372622958046333, -0.42701361834245405, 0.5832883945492567, 0.08776683604313924, -0.20805382040625942, 0.25045562963225276]
[-0.2658975140125564, 0.6153415478763086, -0.4359434252196569, 0.6005053337521803, 0.07379873684420386, -0.19736735947246742, 0.255928156606234]
[-0.27975520049124547, 0.6158932779283818, -0.448118335319975, 0.5844676990881096, 0.08108773879310346, -0.1815344851488576, 0.2664372820670736]
[-0.3105138871297951, 0.6129432214130698, -0.4585217836233863, 0.5635951956490137, 0.0917340888732091, -0.16321252516008417, 0.2725893213065026]
[-0.3340109993220184, 0.6063886112297406, -0.46614063972605996, 0.550856103814966, 0.09730095920273585, -0.14941585448579575, 0.27492102524052897]
[-0.34437811902655496, 0.6008018625581993, -0.4715702210108377, 0.5459509126514254, 0.0983628314845783, -0.1420227988261549, 0.27505569747422987]
[-0.35262219239189513, 0.5950138672412929, -0.47947672563684807, 0.5401094306043078, 0.09916278815774399, -0.13376060840906964, 0.2747277579371311]
[-0.3652958199056722, 0.5885050893932946, -0.48700385153351805, 0.5320225687529074, 0.10100074947646649, -0.12354603479201373, 0.27441460901528447]
[-0.3765629437050597, 0.5806933730693965, -0.4913297636737463, 0.5287633318950712, 0.10080378899071225, -0.11497587913251217, 0.27460310551018574]
[-0.38577253418750834, 0.5714479075651178, -0.495253834229535, 0.5285362075983725, 0.09929786497121891, -0.1074083296093325, 0.2750619475513384]
[-0.3962795358898734, 0.5629190148263179, -0.5003556830069912, 0.5250989864720593, 0.09848304806834139, -0.0980951563976013, 0.274496297092252]
[-0.404884282805596, 0.5555908103786544, -0.5039209320853043, 0.5229257180138872, 0.09776423430911622, -0.09072151240332904, 0.2742698179884818]
[-0.41276720072342676, 0.5505183370248874, -0.5068104053562023, 0.5193226892384291, 0.09834890141292278, -0.08415237584241533, 0.2742864163469425]
[-0.41732315172901263, 0.5436874823073509, -0.511232797435169, 0.5185425535189805, 0.09703583456647458, -0.07990879601686426, 0.2729074811366746]
[-0.42844121387337836, 0.5339765703946814, -0.5125711492226783, 0.5182451254173044, 0.09451356056753024, -0.07447109130711116, 0.27057780520890085]
[-0.4299269542454878, 0.5298290006756892, -0.5122736016837864, 0.5215552178632878, 0.09214072638714928, -0.07389583580642031, 0.27019730282809196]
[-0.4274802423362633, 0.530371164707578, -0.5137233236863822, 0.5215893605950452, 0.09260647159802261, -0.07433191658658114, 0.27065947422340114]
[-0.4275707827286658, 0.5314647942953, -0.5130824889764345, 0.5210324385350881, 0.09336233362426821, -0.07450666103360712, 0.27120363572541517]
[-0.4277982574127511, 0.5338077881644553, -0.5115595243336457, 0.5199469142066971, 0.09511138692884107, -0.07520662617231394, 0.2724395783093969]
